2.842336000000000000e+06,6.441928609662101053e+02
2.842476000000000000e+06,6.371303515268710953e+02
2.842616000000000000e+06,6.304780464515456515e+02
2.842756000000000000e+06,6.244971800619956639e+02
2.842892000000000000e+06,6.193901237572631544e+02
2.843032000000000000e+06,6.152877074155495620e+02
2.843176000000000000e+06,6.122441400828017777e+02
2.843440000000000000e+06,6.102390804348748361e+02
2.844376000000000000e+06,6.091857377129613269e+02
2.845312000000000000e+06,6.089435971737021873e+02
2.846244000000000000e+06,6.093343126762288193e+02
2.847180000000000000e+06,6.101593212951200940e+02
2.848116000000000000e+06,6.112177238885936958e+02
2.849052000000000000e+06,6.123229639503126691e+02
2.849984000000000000e+06,6.133169074471244357e+02
2.850920000000000000e+06,6.140801521183766454e+02
2.851860000000000000e+06,6.145377945882739823e+02
2.852788000000000000e+06,6.146604114119560336e+02
2.853724000000000000e+06,6.144605733877206148e+02
2.854660000000000000e+06,6.139857069276316679e+02
2.855596000000000000e+06,6.133084602133152430e+02
2.856532000000000000e+06,6.125158855331341101e+02
2.857464000000000000e+06,6.116987147592412839e+02
2.858400000000000000e+06,6.109418139997255821e+02
2.859336000000000000e+06,6.103166049999719007e+02
2.860272000000000000e+06,6.098758929955591839e+02
2.861204000000000000e+06,6.096512007270714548e+02
2.862140000000000000e+06,6.096524204266498828e+02
2.863076000000000000e+06,6.098693862421607719e+02
2.864012000000000000e+06,6.102748532039547626e+02
2.864944000000000000e+06,6.108283503318466501e+02
2.865880000000000000e+06,6.114804407090981613e+02
2.866816000000000000e+06,6.121770308486187560e+02
2.867752000000000000e+06,6.128634755332112718e+02
2.868684000000000000e+06,6.134882906757150067e+02
2.869620000000000000e+06,6.140063180185650253e+02
2.870556000000000000e+06,6.143812081046230560e+02
2.871492000000000000e+06,6.145871266303799985e+02
2.872424000000000000e+06,6.146096485123649700e+02
2.873364000000000000e+06,6.144458690600437194e+02
2.874296000000000000e+06,6.141038137610307786e+02
2.875232000000000000e+06,6.136012594878092159e+02
2.876164000000000000e+06,6.129640974802643996e+02
2.877100000000000000e+06,6.122243848669997988e+02
2.878036000000000000e+06,6.114182508550704824e+02
2.878972000000000000e+06,6.105838360256911983e+02
2.879904000000000000e+06,6.097594318454753193e+02
2.880840000000000000e+06,6.089819416658342561e+02
2.881776000000000000e+06,6.082857063521183818e+02
2.882712000000000000e+06,6.077016441514933831e+02
2.883644000000000000e+06,6.072565741169818239e+02
2.884580000000000000e+06,6.069725560451183810e+02
2.885516000000000000e+06,6.068661060970212020e+02
2.886452000000000000e+06,6.069472333444222159e+02
2.887384000000000000e+06,6.072183647836882301e+02
2.888320000000000000e+06,6.076733483166000269e+02
2.889256000000000000e+06,6.082968071777763726e+02
2.890192000000000000e+06,6.090641373549318587e+02
2.891124000000000000e+06,6.099423783796481757e+02
2.892060000000000000e+06,6.108920505899687896e+02
2.892996000000000000e+06,6.118698624188292570e+02
2.893932000000000000e+06,6.128319962452409300e+02
2.894868000000000000e+06,6.137375388740005064e+02
2.895800000000000000e+06,6.145515755846195134e+02
2.896736000000000000e+06,6.152475210055678190e+02
2.897672000000000000e+06,6.158083894665006710e+02
2.898604000000000000e+06,6.162268774072632596e+02
2.899540000000000000e+06,6.165043147527849214e+02
2.900476000000000000e+06,6.166487187448711893e+02
2.901412000000000000e+06,6.166723244456139810e+02
2.902344000000000000e+06,6.165890401135026195e+02
2.903280000000000000e+06,6.164122636778245123e+02
2.904216000000000000e+06,6.161534016310513380e+02
2.905152000000000000e+06,6.158212770219531649e+02
2.906084000000000000e+06,6.154224326471886570e+02
2.907020000000000000e+06,6.149621656014627433e+02
2.907956000000000000e+06,6.144460034559821224e+02
2.908892000000000000e+06,6.138812717136669335e+02
2.909824000000000000e+06,6.132784084889209453e+02
2.910760000000000000e+06,6.126517413584601854e+02
2.911696000000000000e+06,6.120195359676292810e+02
2.912632000000000000e+06,6.114032454258863254e+02
2.913564000000000000e+06,6.108260250512324774e+02
2.914500000000000000e+06,6.103107106847255636e+02
2.915436000000000000e+06,6.098775608884451458e+02
2.916372000000000000e+06,6.095421055708568474e+02
2.917304000000000000e+06,6.093134155622211665e+02
2.918240000000000000e+06,6.091930203518808185e+02
2.919176000000000000e+06,6.091745782019387434e+02
2.920112000000000000e+06,6.092442724952694562e+02
2.921044000000000000e+06,6.093818008924638434e+02
2.921980000000000000e+06,6.095617683178285233e+02
2.922916000000000000e+06,6.097553078985556567e+02
2.923852000000000000e+06,6.099318278709289416e+02
2.924784000000000000e+06,6.100608780984448458e+02
2.925720000000000000e+06,6.101141894316554044e+02
2.926656000000000000e+06,6.100679172169682261e+02
2.927588000000000000e+06,6.099050127128219856e+02
2.928524000000000000e+06,6.096174947470293546e+02
2.929460000000000000e+06,6.092082653882396244e+02
2.930396000000000000e+06,6.086920689809245459e+02
2.931332000000000000e+06,6.080952638510996167e+02
2.932264000000000000e+06,6.074542475538733015e+02
2.933200000000000000e+06,6.068126004350295943e+02
2.934136000000000000e+06,6.062172255534063652e+02
2.935072000000000000e+06,6.057139163960781616e+02
2.936004000000000000e+06,6.053428575701034333e+02
2.936940000000000000e+06,6.051345626985938679e+02
2.937876000000000000e+06,6.051066909775097429e+02
2.938812000000000000e+06,6.052620711198280787e+02
2.939744000000000000e+06,6.055881147060181320e+02
2.940680000000000000e+06,6.060576455063069261e+02
2.941616000000000000e+06,6.066310344089413320e+02
2.942552000000000000e+06,6.072594281398016847e+02
2.943484000000000000e+06,6.078887960844127747e+02
2.944420000000000000e+06,6.084644838139790863e+02
2.945356000000000000e+06,6.089359389951181356e+02
2.946292000000000000e+06,6.092612521705424342e+02
2.947224000000000000e+06,6.094111312082392260e+02
2.948160000000000000e+06,6.093719204167305179e+02
2.949096000000000000e+06,6.091473077465909682e+02
2.950032000000000000e+06,6.087584538732272676e+02
2.950964000000000000e+06,6.082424260103665574e+02
2.952836000000000000e+06,6.076490089214651107e+02
2.953772000000000000e+06,6.070361653497068346e+02
2.954704000000000000e+06,6.064645959215766879e+02
2.955640000000000000e+06,6.059919778279339653e+02
2.956576000000000000e+06,6.056675212162959951e+02
2.957512000000000000e+06,6.055274564714241023e+02
2.958444000000000000e+06,6.055919488000221236e+02
2.959380000000000000e+06,6.058637403427463823e+02
2.960316000000000000e+06,6.063285753209236191e+02
2.961252000000000000e+06,6.069572157342047376e+02
2.962184000000000000e+06,6.077086540501391028e+02
2.963120000000000000e+06,6.085340179594110168e+02
2.964056000000000000e+06,6.093806605513532304e+02
2.964992000000000000e+06,6.101960226470490625e+02
2.965924000000000000e+06,6.109309991631373578e+02
2.966860000000000000e+06,6.115426894117817938e+02
2.967796000000000000e+06,6.119965277423381167e+02
2.968732000000000000e+06,6.122678573453674744e+02
2.969664000000000000e+06,6.123430182557783610e+02
2.970600000000000000e+06,6.122199763130962538e+02
2.971536000000000000e+06,6.119084490045225948e+02
2.972472000000000000e+06,6.114294272965422579e+02
2.973404000000000000e+06,6.108139856490865895e+02
2.974340000000000000e+06,6.101013275241033398e+02
2.975276000000000000e+06,6.093361156455008540e+02
2.976212000000000000e+06,6.085652547762314271e+02
2.977144000000000000e+06,6.078343980080668416e+02
2.978080000000000000e+06,6.071845085643278708e+02
2.979016000000000000e+06,6.066488116730279216e+02
2.979952000000000000e+06,6.062504173711663498e+02
2.980884000000000000e+06,6.060008057359752911e+02
2.981820000000000000e+06,6.058992674892850800e+02
2.982756000000000000e+06,6.059333027704020651e+02
2.983692000000000000e+06,6.060799038545873145e+02
2.984624000000000000e+06,6.063075842487927503e+02
2.985560000000000000e+06,6.065789729431966180e+02
2.986496000000000000e+06,6.068537771638632421e+02
2.987432000000000000e+06,6.070919271455185253e+02
2.988364000000000000e+06,6.072567334098791889e+02
2.989300000000000000e+06,6.073178902712776335e+02
2.990236000000000000e+06,6.072541448224236547e+02
2.991172000000000000e+06,6.070554317258962556e+02
2.992104000000000000e+06,6.067242671898777644e+02
2.993040000000000000e+06,6.062762105750144883e+02
2.993976000000000000e+06,6.057392442265664840e+02
2.994912000000000000e+06,6.051519944663542674e+02
2.995844000000000000e+06,6.045608185027931540e+02
2.996780000000000000e+06,6.040159060672978057e+02
2.997716000000000000e+06,6.035666785636100258e+02
2.998652000000000000e+06,6.032568979913392013e+02
2.999584000000000000e+06,6.031200043021724468e+02
3.000520000000000000e+06,6.031752565042610286e+02
3.001456000000000000e+06,6.034252299927109107e+02
3.002392000000000000e+06,6.038551019151051378e+02
3.003324000000000000e+06,6.044339419620534954e+02
3.004260000000000000e+06,6.051179445885331916e+02
3.005196000000000000e+06,6.058552357234677856e+02
3.006132000000000000e+06,6.065916225840634297e+02
3.007064000000000000e+06,6.072764937578465378e+02
3.008000000000000000e+06,6.078680652621534364e+02
3.008936000000000000e+06,6.083373121685938258e+02
3.009872000000000000e+06,6.086701798238516403e+02
3.010804000000000000e+06,6.088679555977466862e+02
3.011740000000000000e+06,6.089459245927392885e+02
3.012676000000000000e+06,6.089305894039690656e+02
3.013612000000000000e+06,6.088558121116238908e+02
3.014544000000000000e+06,6.087582752495600289e+02
3.015480000000000000e+06,6.086726943218396855e+02
3.016416000000000000e+06,6.086272574821877015e+02
3.018284000000000000e+06,6.086397988483059862e+02
3.019220000000000000e+06,6.087151945611419706e+02
3.020156000000000000e+06,6.088443722030785921e+02
3.021092000000000000e+06,6.090051368647687013e+02
3.022024000000000000e+06,6.091647705651033675e+02
3.022960000000000000e+06,6.092841116148323408e+02
3.023896000000000000e+06,6.093226206081641294e+02
3.024828000000000000e+06,6.092438182637697537e+02
3.025764000000000000e+06,6.090204368725962922e+02
3.026700000000000000e+06,6.086386481436388749e+02
3.027636000000000000e+06,6.081008082523779876e+02
3.028572000000000000e+06,6.074263002558972175e+02
3.029504000000000000e+06,6.066502613641856669e+02
3.030440000000000000e+06,6.058202524455884941e+02
3.031376000000000000e+06,6.049912321477032719e+02
3.032312000000000000e+06,6.042194858445185446e+02
3.033244000000000000e+06,6.035563615526443755e+02
3.034180000000000000e+06,6.030427181982701086e+02
3.035116000000000000e+06,6.027048679912828675e+02
3.036048000000000000e+06,6.025525180666211327e+02
3.036984000000000000e+06,6.025788557150425504e+02
3.037920000000000000e+06,6.027625630288829370e+02
3.038856000000000000e+06,6.030712668536510819e+02
3.039792000000000000e+06,6.034657772438163192e+02
3.040724000000000000e+06,6.039044556312819623e+02
3.041660000000000000e+06,6.043471603152951275e+02
3.042596000000000000e+06,6.047583936508589204e+02
3.043532000000000000e+06,6.051094680540888930e+02
3.044464000000000000e+06,6.053796747519505743e+02
3.045400000000000000e+06,6.055565602689367779e+02
3.046336000000000000e+06,6.056354901019856243e+02
3.047272000000000000e+06,6.056187133489654570e+02
3.048204000000000000e+06,6.055141426970942575e+02
3.049140000000000000e+06,6.053340403115198569e+02
3.050076000000000000e+06,6.050937648226097281e+02
3.051012000000000000e+06,6.048106962921746117e+02
3.051944000000000000e+06,6.045034121972539651e+02
3.052880000000000000e+06,6.041911310122484338e+02
3.053816000000000000e+06,6.038933707795952159e+02
3.054752000000000000e+06,6.036296997291661910e+02
3.055684000000000000e+06,6.034194068075640871e+02
3.056620000000000000e+06,6.032809202744591630e+02
3.057556000000000000e+06,6.032308729353394483e+02
3.058492000000000000e+06,6.032828457741322836e+02
3.059424000000000000e+06,6.034459746951914667e+02
3.060360000000000000e+06,6.037237160818359598e+02
3.061296000000000000e+06,6.041130863742556585e+02
3.062232000000000000e+06,6.046046048657611891e+02
3.063164000000000000e+06,6.051830032451202896e+02
3.064100000000000000e+06,6.058285736507326646e+02
3.065036000000000000e+06,6.065188715625853320e+02
3.065972000000000000e+06,6.072304219143816226e+02
3.066904000000000000e+06,6.079401170353918360e+02
3.067840000000000000e+06,6.086261230388063268e+02
3.068776000000000000e+06,6.092682748245372295e+02
3.069712000000000000e+06,6.098480819142441760e+02
3.070644000000000000e+06,6.103485519194275639e+02
3.071580000000000000e+06,6.107540576538719961e+02
3.072516000000000000e+06,6.110504376443338970e+02
3.073452000000000000e+06,6.112254439044650098e+02
3.074384000000000000e+06,6.112695530872933887e+02
3.075320000000000000e+06,6.111770580952972978e+02
3.076256000000000000e+06,6.109472788738087274e+02
3.077192000000000000e+06,6.105856892926234423e+02
3.078124000000000000e+06,6.101047525506533020e+02
3.079060000000000000e+06,6.095242777759601722e+02
3.079996000000000000e+06,6.088711446082375005e+02
3.080932000000000000e+06,6.081782945785043921e+02
3.081864000000000000e+06,6.074829700611321641e+02
3.083736000000000000e+06,6.068242924954869295e+02
3.084672000000000000e+06,6.062403873937773824e+02
3.085604000000000000e+06,6.057653504806917226e+02
3.086540000000000000e+06,6.054263848915520612e+02
3.087476000000000000e+06,6.052414215766303869e+02
3.088412000000000000e+06,6.052174756021533994e+02
3.089344000000000000e+06,6.053499065161129238e+02
3.090280000000000000e+06,6.056226581523105779e+02
3.091216000000000000e+06,6.060094651324598090e+02
3.092152000000000000e+06,6.064759346601987318e+02
3.093084000000000000e+06,6.069823412390027215e+02
3.094020000000000000e+06,6.074869092170326894e+02
3.094956000000000000e+06,6.079493109442165633e+02
3.095892000000000000e+06,6.083340847294770128e+02
3.096824000000000000e+06,6.086136786694306693e+02
3.097760000000000000e+06,6.087708528724872394e+02
3.098696000000000000e+06,6.088002243385483325e+02
3.099632000000000000e+06,6.087088148149025528e+02
3.100564000000000000e+06,6.085155545207126124e+02
3.101500000000000000e+06,6.082497893764314085e+02
3.102436000000000000e+06,6.079489195235139505e+02
3.103372000000000000e+06,6.076553504727634163e+02
3.104304000000000000e+06,6.074129677859018557e+02
3.105240000000000000e+06,6.072633703047290510e+02
3.106176000000000000e+06,6.072421341550391389e+02
3.107112000000000000e+06,6.073754289024426498e+02
3.108044000000000000e+06,6.076773439094451987e+02
3.108980000000000000e+06,6.081482729572047674e+02
3.109916000000000000e+06,6.087746221740854935e+02
3.110848000000000000e+06,6.095299452750733735e+02
3.111784000000000000e+06,6.103773944566197542e+02
3.112720000000000000e+06,6.112731544196655022e+02
3.113656000000000000e+06,6.121703628016406356e+02
3.114592000000000000e+06,6.130229636711011381e+02
3.115524000000000000e+06,6.137890075341430247e+02
3.116460000000000000e+06,6.144330755828644897e+02
3.117396000000000000e+06,6.149277166718801482e+02
3.118332000000000000e+06,6.152539886607504513e+02
3.119264000000000000e+06,6.154013443528965581e+02
3.120200000000000000e+06,6.153671629090338229e+02
3.121136000000000000e+06,6.151561938788651105e+02
3.122072000000000000e+06,6.147800805946095579e+02
3.123004000000000000e+06,6.142570092657041414e+02
3.123940000000000000e+06,6.136114281345621748e+02
3.124876000000000000e+06,6.128737132359268571e+02
3.125812000000000000e+06,6.120796228707497448e+02
3.126744000000000000e+06,6.112693779890511223e+02
3.127680000000000000e+06,6.104862293735776575e+02
3.128616000000000000e+06,6.097744253241488650e+02
3.129552000000000000e+06,6.091765760877314051e+02
3.130484000000000000e+06,6.087305231621904795e+02
3.131420000000000000e+06,6.084659539348738235e+02
3.132356000000000000e+06,6.084011292083760054e+02
3.133292000000000000e+06,6.085401758879892213e+02
3.134224000000000000e+06,6.088714090935853847e+02
3.135160000000000000e+06,6.093670763252913503e+02
3.136096000000000000e+06,6.099847670504149164e+02
3.137032000000000000e+06,6.106705190527075047e+02
3.137964000000000000e+06,6.113634013133478220e+02
3.138900000000000000e+06,6.120010999372211700e+02
3.139836000000000000e+06,6.125258317861930664e+02
3.140772000000000000e+06,6.128898139558043567e+02
3.141704000000000000e+06,6.130595580561642919e+02
3.142640000000000000e+06,6.130184328460973120e+02
3.143576000000000000e+06,6.127672122350016934e+02
3.144512000000000000e+06,6.123226452563365001e+02
3.145444000000000000e+06,6.117143888701847345e+02
3.146380000000000000e+06,6.109808697779589011e+02
3.147316000000000000e+06,6.101647385418878002e+02
3.148252000000000000e+06,6.093085366591395768e+02
3.149184000000000000e+06,6.084510491042234435e+02
3.150120000000000000e+06,6.076246219845762653e+02
3.151056000000000000e+06,6.068535436450572433e+02
3.151992000000000000e+06,6.061534505158798538e+02
3.152924000000000000e+06,6.055316354971234887e+02
3.153860000000000000e+06,6.049881008321531226e+02
3.154796000000000000e+06,6.045171916925343112e+02
3.155732000000000000e+06,6.041096436128343612e+02
3.156664000000000000e+06,6.037548510820058709e+02
3.157600000000000000e+06,6.034431118848641518e+02
3.158536000000000000e+06,6.031675475748169220e+02
3.159472000000000000e+06,6.029253871598632486e+02
3.160404000000000000e+06,6.027183633471395297e+02
3.161340000000000000e+06,6.025521143597949276e+02
3.162276000000000000e+06,6.024346804485761595e+02
3.163212000000000000e+06,6.023743797817228369e+02
3.164144000000000000e+06,6.023774880416555106e+02
3.165080000000000000e+06,6.024461940517418270e+02
3.166016000000000000e+06,6.025772542669728864e+02
3.166952000000000000e+06,6.027616397233701946e+02
3.167884000000000000e+06,6.029852883952698903e+02
3.168820000000000000e+06,6.032308763089311014e+02
3.169756000000000000e+06,6.034803371575235360e+02
3.170692000000000000e+06,6.037177238682251073e+02
3.171624000000000000e+06,6.039319359038627226e+02
3.172560000000000000e+06,6.041188396233453659e+02
3.173496000000000000e+06,6.042823849217068073e+02
3.174432000000000000e+06,6.044344626134241025e+02
3.175364000000000000e+06,6.045934367312815994e+02
3.176300000000000000e+06,6.047814964821162675e+02
3.177236000000000000e+06,6.050211709595274669e+02
3.178172000000000000e+06,6.053315040457816849e+02
3.179104000000000000e+06,6.057244702071733400e+02
3.180040000000000000e+06,6.062022038551178866e+02
3.180976000000000000e+06,6.067555079242810052e+02
3.181912000000000000e+06,6.073639149969922073e+02
3.182844000000000000e+06,6.079973335802136489e+02
3.183780000000000000e+06,6.086190708877753650e+02
3.184716000000000000e+06,6.091898226967073242e+02
3.185648000000000000e+06,6.096720867918331805e+02
3.186584000000000000e+06,6.100344050352030081e+02
3.187520000000000000e+06,6.102548790841985920e+02
3.188456000000000000e+06,6.103235319392322253e+02
3.189392000000000000e+06,6.102432759786154293e+02
3.190324000000000000e+06,6.100294534613935866e+02
3.191260000000000000e+06,6.097080920511136810e+02
3.192196000000000000e+06,6.093131399404196600e+02
3.193132000000000000e+06,6.088830144672534743e+02
3.194064000000000000e+06,6.084568321198368039e+02
3.195000000000000000e+06,6.080706990452308673e+02
3.195936000000000000e+06,6.077544275049137923e+02
3.196872000000000000e+06,6.075289960267107290e+02
3.197804000000000000e+06,6.074049864546132085e+02
3.198740000000000000e+06,6.073821184161814699e+02
3.199676000000000000e+06,6.074498768617870610e+02
3.200612000000000000e+06,6.075891084990533955e+02
3.201544000000000000e+06,6.077743647407578464e+02
3.202480000000000000e+06,6.079767079195493125e+02
3.203416000000000000e+06,6.081666840541429337e+02
3.204352000000000000e+06,6.083171945556761102e+02
3.205284000000000000e+06,6.084060477317902951e+02
3.206220000000000000e+06,6.084180092935204129e+02
3.207156000000000000e+06,6.083461856258227272e+02
3.208092000000000000e+06,6.081925787990739991e+02
3.209024000000000000e+06,6.079676809518070968e+02
3.209960000000000000e+06,6.076890555137441652e+02
3.210896000000000000e+06,6.073789872575720210e+02
3.211832000000000000e+06,6.070614468960445720e+02
3.212764000000000000e+06,6.067587637790247754e+02
3.213700000000000000e+06,6.064884845242326037e+02
3.214636000000000000e+06,6.062608848393227845e+02
3.215572000000000000e+06,6.060774961384906874e+02
3.216504000000000000e+06,6.059308387009397165e+02
3.217440000000000000e+06,6.058053630764804893e+02
3.218376000000000000e+06,6.056794284561191262e+02
3.219312000000000000e+06,6.055280158392943122e+02
3.220244000000000000e+06,6.053258010405165805e+02
3.221180000000000000e+06,6.050502036790120428e+02
3.222116000000000000e+06,6.046840755242757268e+02
3.223052000000000000e+06,6.042177752873242298e+02
3.223984000000000000e+06,6.036504724806180775e+02
3.224920000000000000e+06,6.029906106354411577e+02
3.225856000000000000e+06,6.022555333395765729e+02
3.226792000000000000e+06,6.014703394277437383e+02
3.227724000000000000e+06,6.006660910925252210e+02
3.228660000000000000e+06,5.998775502468032528e+02
3.229596000000000000e+06,5.991406587083649811e+02
3.230532000000000000e+06,5.984899968500773184e+02
3.231464000000000000e+06,5.979564422948947140e+02
3.232400000000000000e+06,5.975652025904191760e+02
3.233336000000000000e+06,5.973343259575384536e+02
3.234272000000000000e+06,5.972737221345366834e+02
3.235204000000000000e+06,5.973846671581569581e+02
3.236140000000000000e+06,5.976597333304556514e+02
3.237076000000000000e+06,5.980830900700907478e+02
3.238012000000000000e+06,5.986311661677044640e+02
3.238944000000000000e+06,5.992737284804866249e+02
3.239880000000000000e+06,5.999754713596374813e+02
3.240816000000000000e+06,6.006981805889373618e+02
3.241752000000000000e+06,6.014034218966082790e+02
3.242684000000000000e+06,6.020555369429310986e+02
3.243620000000000000e+06,6.026245696055379995e+02
3.244556000000000000e+06,6.030886573983566450e+02
3.245492000000000000e+06,6.034354494831941338e+02
3.246424000000000000e+06,6.036622563939620250e+02
3.247360000000000000e+06,6.037748594378865619e+02
3.248296000000000000e+06,6.037851504206283835e+02
3.249232000000000000e+06,6.037079808272451373e+02
3.250164000000000000e+06,6.035577416563670567e+02
3.251100000000000000e+06,6.033452578027756772e+02
3.252036000000000000e+06,6.030755584168233554e+02
3.252972000000000000e+06,6.027469720941787727e+02
3.253904000000000000e+06,6.023517941740446986e+02
3.254840000000000000e+06,6.018785023571041393e+02
3.255776000000000000e+06,6.013152032834108240e+02
3.256712000000000000e+06,6.006537430206245745e+02
3.257644000000000000e+06,5.998937678186498488e+02
3.258580000000000000e+06,5.990460068174631942e+02
3.259516000000000000e+06,5.981341634012529767e+02
3.260452000000000000e+06,5.971950241356934157e+02
3.261384000000000000e+06,5.962766832616379133e+02
3.262320000000000000e+06,5.954350767167995855e+02
3.263256000000000000e+06,5.947292578201897868e+02
3.264192000000000000e+06,5.942159852996059044e+02
3.265124000000000000e+06,5.939442314462091872e+02
3.266060000000000000e+06,5.939501822466673957e+02
3.266996000000000000e+06,5.942532246682656023e+02
3.267932000000000000e+06,5.948533150099231079e+02
3.268864000000000000e+06,5.957299961830563007e+02
3.269800000000000000e+06,5.968431781630856676e+02
3.270736000000000000e+06,5.981356215560140299e+02
3.271672000000000000e+06,5.995368882301279427e+02
3.272604000000000000e+06,6.009683712945886782e+02
3.273540000000000000e+06,6.023489145626659820e+02
3.274476000000000000e+06,6.036004950456280085e+02
3.275412000000000000e+06,6.046534732108351591e+02
3.276344000000000000e+06,6.054510060347608942e+02
3.277280000000000000e+06,6.059523529975114116e+02
3.278216000000000000e+06,6.061349637911037007e+02
3.279152000000000000e+06,6.059953857745759933e+02
3.280084000000000000e+06,6.055491303914874379e+02
3.281020000000000000e+06,6.048296645067418922e+02
3.281956000000000000e+06,6.038866480444575018e+02
3.282888000000000000e+06,6.027834587382604923e+02
3.283824000000000000e+06,6.015939804928495960e+02
3.284760000000000000e+06,6.003986267164139008e+02
3.285696000000000000e+06,5.992796370903245133e+02
3.286628000000000000e+06,5.983158086142901766e+02
3.287564000000000000e+06,5.975769673368230315e+02
3.288500000000000000e+06,5.971186208118143668e+02
3.289436000000000000e+06,5.969773183227659956e+02
3.290372000000000000e+06,5.971672568581207088e+02
3.291304000000000000e+06,5.976785909759934157e+02
3.292240000000000000e+06,5.984777404558036551e+02
3.293176000000000000e+06,5.995097674167052446e+02
3.294112000000000000e+06,6.007026532306841773e+02
3.295044000000000000e+06,6.019730846728945153e+02
3.295980000000000000e+06,6.032331900810775096e+02
3.296916000000000000e+06,6.043975733297202169e+02
3.297852000000000000e+06,6.053899905220920346e+02
3.298784000000000000e+06,6.061490970248187296e+02
3.299720000000000000e+06,6.066328319311545556e+02
3.300656000000000000e+06,6.068211642043141865e+02
3.301592000000000000e+06,6.067170735690473293e+02
3.302524000000000000e+06,6.063457739618087317e+02
3.303460000000000000e+06,6.057523105735474473e+02
3.304396000000000000e+06,6.049977702955944778e+02
3.305332000000000000e+06,6.041544289781545558e+02
3.306264000000000000e+06,6.033002061475306164e+02
3.307200000000000000e+06,6.025128061300911213e+02
3.308136000000000000e+06,6.018639046954672267e+02
3.309072000000000000e+06,6.014137136450091248e+02
3.310004000000000000e+06,6.012062428744369527e+02
3.310940000000000000e+06,6.012655858245261697e+02
3.311876000000000000e+06,6.015935629128808841e+02
3.312812000000000000e+06,6.021690369259229101e+02
3.313744000000000000e+06,6.029491366155622245e+02
3.314680000000000000e+06,6.038724795257553524e+02
3.315616000000000000e+06,6.048642803663084351e+02
3.316552000000000000e+06,6.058429897016368386e+02
3.317484000000000000e+06,6.067278672827634409e+02
3.318420000000000000e+06,6.074467067145016017e+02
3.319356000000000000e+06,6.079428443910712758e+02
3.320292000000000000e+06,6.081806345271053260e+02
3.321224000000000000e+06,6.081487476558805838e+02
3.322160000000000000e+06,6.078609163862053038e+02
3.323096000000000000e+06,6.073540614321584599e+02
3.324032000000000000e+06,6.066840400429737201e+02
3.324964000000000000e+06,6.059195342282380352e+02
3.325900000000000000e+06,6.051348041325964004e+02
3.326836000000000000e+06,6.044021377279607350e+02
3.327772000000000000e+06,6.037848129969086131e+02
3.328704000000000000e+06,6.033312678339603963e+02
3.329640000000000000e+06,6.030709874009415898e+02
3.330576000000000000e+06,6.030124115343869562e+02
3.331512000000000000e+06,6.031429625571086035e+02
3.332444000000000000e+06,6.034311073769406448e+02
3.333380000000000000e+06,6.038302016269001342e+02
3.334316000000000000e+06,6.042837212714275665e+02
3.335252000000000000e+06,6.047313708952671050e+02
3.336184000000000000e+06,6.051154700048715540e+02
3.337120000000000000e+06,6.053869656371506380e+02
3.338056000000000000e+06,6.055104164199939305e+02
3.338992000000000000e+06,6.054673624104243572e+02
3.339924000000000000e+06,6.052576569283194203e+02
3.340860000000000000e+06,6.048985934372961992e+02
3.341796000000000000e+06,6.044219826118113588e+02
3.342732000000000000e+06,6.038696596462862090e+02
3.343664000000000000e+06,6.032881509539153058e+02
3.344600000000000000e+06,6.027233366695637642e+02
3.345536000000000000e+06,6.022158847232443577e+02
3.346472000000000000e+06,6.017980268629175953e+02
3.347404000000000000e+06,6.014919560756496821e+02
3.348340000000000000e+06,6.013098186171641828e+02
3.349276000000000000e+06,6.012550114111587618e+02
3.350212000000000000e+06,6.013243142599878865e+02
3.351144000000000000e+06,6.015103040544713622e+02
3.352080000000000000e+06,6.018035210414719813e+02
3.353016000000000000e+06,6.021939795830315916e+02
3.353952000000000000e+06,6.026718121619481963e+02
3.354884000000000000e+06,6.032270580867531180e+02
3.355820000000000000e+06,6.038488027744815554e+02
3.356756000000000000e+06,6.045240003267668953e+02
3.357692000000000000e+06,6.052363582138369793e+02
3.358624000000000000e+06,6.059656344080524377e+02
3.359560000000000000e+06,6.066876072030574960e+02
3.360496000000000000e+06,6.073748418492132259e+02
3.361432000000000000e+06,6.079982191892211176e+02
3.362364000000000000e+06,6.085290425413652429e+02
3.363300000000000000e+06,6.089414338847424233e+02
3.364236000000000000e+06,6.092146888026719580e+02
3.365172000000000000e+06,6.093352791360986203e+02
3.366104000000000000e+06,6.092982530440403934e+02
3.367040000000000000e+06,6.091078621626589893e+02
3.367976000000000000e+06,6.087773340143777432e+02
3.368908000000000000e+06,6.083278051200944674e+02
3.369844000000000000e+06,6.077865359866304971e+02
3.370780000000000000e+06,6.071846319274002326e+02
3.371716000000000000e+06,6.065545721394366865e+02
3.372652000000000000e+06,6.059278807584695414e+02
3.373584000000000000e+06,6.053332430069029897e+02
3.374520000000000000e+06,6.047952772848258292e+02
3.375456000000000000e+06,6.043340366793624980e+02
3.376392000000000000e+06,6.039651591502724841e+02
3.377324000000000000e+06,6.037004487145522944e+02
3.378260000000000000e+06,6.035485851812453575e+02
3.379196000000000000e+06,6.035156537845999765e+02
3.380132000000000000e+06,6.036052628993331837e+02
3.381064000000000000e+06,6.038181549477739054e+02
3.382000000000000000e+06,6.041513735920186718e+02
3.382936000000000000e+06,6.045971923281703084e+02
3.383872000000000000e+06,6.051421088690090073e+02
3.384804000000000000e+06,6.057662468682618737e+02
3.385740000000000000e+06,6.064434684427742468e+02
3.386676000000000000e+06,6.071423866260436171e+02
3.387612000000000000e+06,6.078282940334838713e+02
3.388544000000000000e+06,6.084658288820465941e+02
3.389480000000000000e+06,6.090220292724762885e+02
3.390416000000000000e+06,6.094693257089513736e+02
3.391348000000000000e+06,6.097880162947673170e+02
3.392284000000000000e+06,6.099678577300232973e+02
3.393220000000000000e+06,6.100085622752999370e+02
3.394156000000000000e+06,6.099191768033971357e+02
3.395092000000000000e+06,6.097164950309808091e+02
3.396024000000000000e+06,6.094227870130135898e+02
3.396960000000000000e+06,6.090632029110777239e+02
3.397896000000000000e+06,6.086632170083233859e+02
3.398832000000000000e+06,6.082464325589678538e+02
3.399764000000000000e+06,6.078329854544812179e+02
3.400700000000000000e+06,6.074386803083718860e+02
3.401636000000000000e+06,6.070748775451374968e+02
3.402568000000000000e+06,6.067490373918827800e+02
3.403504000000000000e+06,6.064657349556906638e+02
3.404440000000000000e+06,6.062279072306912440e+02
3.405376000000000000e+06,6.060380834264465193e+02
3.406312000000000000e+06,6.058993767838782105e+02
3.407244000000000000e+06,6.058160674897299032e+02
3.408180000000000000e+06,6.057936750675819439e+02
3.409116000000000000e+06,6.058385005220958419e+02
3.410052000000000000e+06,6.059567066619879370e+02
3.410984000000000000e+06,6.061530868871275288e+02
3.411920000000000000e+06,6.064297321715033604e+02
3.412856000000000000e+06,6.067848284171019486e+02
3.413792000000000000e+06,6.072117944803171667e+02
3.414724000000000000e+06,6.076989093913078932e+02
3.415660000000000000e+06,6.082294926286390364e+02
3.416596000000000000e+06,6.087826178371216201e+02
3.417532000000000000e+06,6.093342777421668188e+02
3.418464000000000000e+06,6.098588824477457138e+02
3.419400000000000000e+06,6.103309589666330339e+02
3.420336000000000000e+06,6.107269170253421180e+02
3.421272000000000000e+06,6.110267470645604817e+02
3.422204000000000000e+06,6.112155166630617487e+02
3.423140000000000000e+06,6.112845327494983394e+02
3.424076000000000000e+06,6.112320473350007433e+02
3.425012000000000000e+06,6.110634153286813444e+02
3.425944000000000000e+06,6.107906691605796823e+02
3.426880000000000000e+06,6.104315481711805660e+02
3.427816000000000000e+06,6.100080928492077419e+02
3.428752000000000000e+06,6.095449683777625296e+02
3.429684000000000000e+06,6.090677114450153340e+02
3.430620000000000000e+06,6.086010984478133423e+02
3.431556000000000000e+06,6.081678117442501161e+02
3.432492000000000000e+06,6.077875320829465409e+02
3.433424000000000000e+06,6.074765106816831803e+02
3.434360000000000000e+06,6.072475803808896444e+02
3.435296000000000000e+06,6.071104670003919637e+02
3.436232000000000000e+06,6.070721836427152311e+02
3.437164000000000000e+06,6.071372595559349747e+02
3.438100000000000000e+06,6.073075894883710362e+02
3.439036000000000000e+06,6.075817885727230987e+02
3.439972000000000000e+06,6.079540823829930787e+02
3.440904000000000000e+06,6.084129208931982475e+02
3.441840000000000000e+06,6.089396432166959130e+02
3.442776000000000000e+06,6.095076031454840404e+02
3.443712000000000000e+06,6.100821657299143226e+02
3.444644000000000000e+06,6.106218876924169763e+02
3.445580000000000000e+06,6.110810073727745930e+02
3.446516000000000000e+06,6.114131277581394670e+02
3.447452000000000000e+06,6.115757313377689570e+02
3.448384000000000000e+06,6.115349723711786964e+02
3.449320000000000000e+06,6.112700927969927989e+02
3.450256000000000000e+06,6.107768229189030080e+02
3.451192000000000000e+06,6.100692530217813783e+02
3.452124000000000000e+06,6.091798724278420423e+02
3.453060000000000000e+06,6.081577298912844753e+02
3.453996000000000000e+06,6.070649278462898337e+02
3.454932000000000000e+06,6.059718753150134489e+02
3.455864000000000000e+06,6.049518498277824392e+02
3.456800000000000000e+06,6.040754374351649858e+02
3.457736000000000000e+06,6.034053433390095051e+02
3.458672000000000000e+06,6.029919345926842880e+02
3.459604000000000000e+06,6.028697415871116618e+02
3.460540000000000000e+06,6.030550445089252207e+02
3.461476000000000000e+06,6.035446169214684460e+02
3.462412000000000000e+06,6.043156782714673909e+02
3.463344000000000000e+06,6.053270917567718925e+02
3.464280000000000000e+06,6.065218048007059224e+02
3.465220000000000000e+06,6.078304548246865124e+02
3.466152000000000000e+06,6.091759647364522152e+02
3.467084000000000000e+06,6.104788532034503987e+02
3.468020000000000000e+06,6.116629011341162823e+02
3.468956000000000000e+06,6.126607547734748778e+02
3.469892000000000000e+06,6.134190122103642580e+02
3.470824000000000000e+06,6.139023421417394957e+02
3.471760000000000000e+06,6.140962304937547742e+02
3.472696000000000000e+06,6.140080459670687105e+02
3.473632000000000000e+06,6.136662565534209079e+02
3.474564000000000000e+06,6.131178062551704215e+02
3.475500000000000000e+06,6.124238582946834413e+02
3.476436000000000000e+06,6.116543023778459656e+02
3.477372000000000000e+06,6.108815766735721127e+02
3.478304000000000000e+06,6.101744386709418677e+02
3.479240000000000000e+06,6.095923109973755345e+02
3.480176000000000000e+06,6.091807250885804024e+02
3.481112000000000000e+06,6.089682103590442921e+02
3.482044000000000000e+06,6.089647758036060168e+02
3.482980000000000000e+06,6.091619541027361038e+02
3.483916000000000000e+06,6.095342524475368009e+02
3.484852000000000000e+06,6.100417775058684811e+02
3.485784000000000000e+06,6.106337590453591702e+02
3.486728000000000000e+06,6.112526784827869051e+02
3.487656000000000000e+06,6.118387138996570229e+02
3.488592000000000000e+06,6.123342368286517967e+02
3.489524000000000000e+06,6.126881235775870209e+02
3.490460000000000000e+06,6.128596598385124707e+02
3.491396000000000000e+06,6.128218188598071947e+02
3.492332000000000000e+06,6.125636912186621430e+02
3.493264000000000000e+06,6.120918530339987456e+02
3.494200000000000000e+06,6.114304885253043267e+02
3.495136000000000000e+06,6.106201355328900036e+02
3.496072000000000000e+06,6.097150046570591257e+02
3.497004000000000000e+06,6.087789448301606399e+02
3.497940000000000000e+06,6.078802934522529995e+02
3.498876000000000000e+06,6.070860355403385711e+02
3.499808000000000000e+06,6.064558557591410590e+02
3.500744000000000000e+06,6.060367472338915604e+02
3.501680000000000000e+06,6.058588099225320320e+02
3.502616000000000000e+06,6.059327285507532679e+02
3.503552000000000000e+06,6.062491915132959548e+02
3.504484000000000000e+06,6.067802421428900743e+02
3.505420000000000000e+06,6.074822993070516759e+02
3.506356000000000000e+06,6.083004002572912441e+02
3.507292000000000000e+06,6.091731334620764073e+02
3.508232000000000000e+06,6.100377329024300934e+02
3.509160000000000000e+06,6.108348658725353744e+02
3.510096000000000000e+06,6.115127360247215620e+02
3.511032000000000000e+06,6.120302290771184062e+02
3.511964000000000000e+06,6.123589433579608112e+02
3.512900000000000000e+06,6.124840617795412072e+02
3.513836000000000000e+06,6.124041249921887129e+02
3.514772000000000000e+06,6.121298499408661655e+02
3.515704000000000000e+06,6.116822007865050637e+02
3.516640000000000000e+06,6.110899588837004330e+02
3.517576000000000000e+06,6.103870541412171633e+02
3.518512000000000000e+06,6.096099106614825587e+02
3.519444000000000000e+06,6.087950249664609146e+02
3.520380000000000000e+06,6.079769391654443780e+02
3.521316000000000000e+06,6.071867050189954398e+02
3.522252000000000000e+06,6.064508729506743521e+02
3.523184000000000000e+06,6.057909920120449669e+02
3.524120000000000000e+06,6.052235706753306204e+02
3.525056000000000000e+06,6.047604165289296816e+02
3.525992000000000000e+06,6.044092429588123423e+02
3.526924000000000000e+06,6.041744094411009200e+02
3.527860000000000000e+06,6.040576586576213458e+02
3.528796000000000000e+06,6.040587301079181088e+02
3.529736000000000000e+06,6.041757583375218701e+02
3.530664000000000000e+06,6.044053970327499883e+02
3.531600000000000000e+06,6.047426509285729708e+02
3.532536000000000000e+06,6.051804537482574915e+02
3.533472000000000000e+06,6.057091010097462913e+02
3.534404000000000000e+06,6.063157136819678499e+02
3.535340000000000000e+06,6.069839439819888867e+02
3.536276000000000000e+06,6.076941133580218093e+02
3.537212000000000000e+06,6.084238891929727515e+02
3.538144000000000000e+06,6.091494821921330640e+02
3.539080000000000000e+06,6.098472211223789827e+02
3.540016000000000000e+06,6.104952744477111537e+02
3.540952000000000000e+06,6.110752590533833200e+02
3.541884000000000000e+06,6.115735022877446454e+02
3.542820000000000000e+06,6.119817903001072636e+02
3.543756000000000000e+06,6.122975263222817830e+02
3.544692000000000000e+06,6.125233214341983512e+02
3.545624000000000000e+06,6.126661304290158796e+02
3.546560000000000000e+06,6.127361074953414573e+02
3.547496000000000000e+06,6.127453763941482521e+02
3.548432000000000000e+06,6.127068884208003965e+02
3.549364000000000000e+06,6.126334942628269573e+02
3.550300000000000000e+06,6.125373002497379957e+02
3.551240000000000000e+06,6.124293231168487637e+02
3.552172000000000000e+06,6.123194014170904893e+02
3.553104000000000000e+06,6.122162727522525074e+02
3.554040000000000000e+06,6.121276991316558451e+02
3.554976000000000000e+06,6.120605296054881137e+02
3.555912000000000000e+06,6.120206259247630669e+02
3.556844000000000000e+06,6.120126262481973072e+02
3.557780000000000000e+06,6.120395666311644618e+02
3.558716000000000000e+06,6.121024123667650656e+02
3.559652000000000000e+06,6.121995714737194021e+02
3.560584000000000000e+06,6.123264721690726446e+02
3.561520000000000000e+06,6.124752851545166550e+02
3.562456000000000000e+06,6.126348630638073018e+02
3.563392000000000000e+06,6.127909607880941394e+02
3.564324000000000000e+06,6.129267949359028762e+02
3.565260000000000000e+06,6.130239897077524347e+02
3.566196000000000000e+06,6.130639243244480667e+02
3.567132000000000000e+06,6.130294356086993730e+02
3.568064000000000000e+06,6.129067465343936192e+02
3.569000000000000000e+06,6.126874083527096673e+02
3.569936000000000000e+06,6.123699831407830061e+02
3.570872000000000000e+06,6.119611734139493819e+02
3.571804000000000000e+06,6.114761398844607356e+02
3.572748000000000000e+06,6.109378472479916127e+02
3.573676000000000000e+06,6.103754362783139413e+02
3.574612000000000000e+06,6.098218070269148257e+02
3.575544000000000000e+06,6.093107583299417911e+02
3.576480000000000000e+06,6.088741110333698998e+02
3.577416000000000000e+06,6.085392231441448985e+02
3.578352000000000000e+06,6.083271972916506911e+02
3.579284000000000000e+06,6.082519207538116461e+02
3.580220000000000000e+06,6.083199091221550816e+02
3.581156000000000000e+06,6.085307856026190620e+02
3.582092000000000000e+06,6.088781472099087750e+02
3.583024000000000000e+06,6.093505589188420117e+02
3.583960000000000000e+06,6.099324705303364453e+02
3.584896000000000000e+06,6.106049442541834651e+02
3.585832000000000000e+06,6.113461792846842400e+02
3.586764000000000000e+06,6.121318921517066656e+02
3.587700000000000000e+06,6.129356445432985083e+02
3.588636000000000000e+06,6.137292095956362346e+02
3.589572000000000000e+06,6.144830504655930099e+02
3.590504000000000000e+06,6.151669678475341243e+02
3.591440000000000000e+06,6.157509642081237189e+02
3.592376000000000000e+06,6.162063691200875155e+02
3.593312000000000000e+06,6.165072595801783564e+02
3.594252000000000000e+06,6.166321759860935572e+02
3.595180000000000000e+06,6.165660715477018812e+02
3.596116000000000000e+06,6.163023492942165831e+02
3.597052000000000000e+06,6.158447566855656987e+02
3.597984000000000000e+06,6.152088444238156626e+02
3.598920000000000000e+06,6.144226712726632513e+02
3.599856000000000000e+06,6.135264646159944277e+02
3.600792000000000000e+06,6.125710346373484754e+02
3.601724000000000000e+06,6.116148853759922304e+02
3.602660000000000000e+06,6.107201526356747081e+02
3.603596000000000000e+06,6.099476966423926569e+02
3.604532000000000000e+06,6.093518445217782755e+02
3.605464000000000000e+06,6.089753721206133150e+02
3.606400000000000000e+06,6.088453125814917257e+02
3.607336000000000000e+06,6.089700862602148845e+02
3.608272000000000000e+06,6.093382929531087484e+02
3.609204000000000000e+06,6.099193284217623159e+02
3.610140000000000000e+06,6.106658080717410257e+02
3.611076000000000000e+06,6.115176117819843284e+02
3.612012000000000000e+06,6.124072047865179229e+02
3.612944000000000000e+06,6.132657390110794040e+02
3.613880000000000000e+06,6.140293107749397450e+02
3.614816000000000000e+06,6.146446800749761223e+02
3.615756000000000000e+06,6.150737872418675352e+02
3.616684000000000000e+06,6.152965541157066127e+02
3.617620000000000000e+06,6.153117032319825057e+02
3.618556000000000000e+06,6.151356082013959394e+02
3.619492000000000000e+06,6.147994361231535549e+02
3.620424000000000000e+06,6.143450170713095986e+02
3.621360000000000000e+06,6.138199653948714740e+02
3.622296000000000000e+06,6.132725936489765672e+02
3.623232000000000000e+06,6.127471247909003296e+02
3.624164000000000000e+06,6.122796440722835314e+02
3.625100000000000000e+06,6.118951476334003701e+02
3.626036000000000000e+06,6.116059332024243531e+02
3.626972000000000000e+06,6.114114332314057947e+02
3.627904000000000000e+06,6.112994249157134163e+02
3.628840000000000000e+06,6.112483954803328743e+02
3.629776000000000000e+06,6.112307259599975851e+02
3.630712000000000000e+06,6.112162986757866747e+02
3.631644000000000000e+06,6.111761314053435399e+02
3.632580000000000000e+06,6.110856825468409852e+02
3.633516000000000000e+06,6.109275411970739924e+02
3.634452000000000000e+06,6.106933000148093242e+02
3.635384000000000000e+06,6.103844941426812056e+02
3.636320000000000000e+06,6.100125661991293100e+02
3.637260000000000000e+06,6.095978837400490420e+02
3.638192000000000000e+06,6.091678998662478079e+02
3.639124000000000000e+06,6.087546193268974548e+02
3.640060000000000000e+06,6.083916112785911992e+02
3.640996000000000000e+06,6.081108830362665003e+02
3.641932000000000000e+06,6.079399767620889179e+02
3.642864000000000000e+06,6.078996518211736202e+02
3.643800000000000000e+06,6.080024501848646423e+02
3.644736000000000000e+06,6.082523000073775847e+02
3.645672000000000000e+06,6.086451056634264205e+02
3.646604000000000000e+06,6.091700482805756565e+02
3.647540000000000000e+06,6.098111515443300732e+02
3.648476000000000000e+06,6.105486203480953691e+02
3.649408000000000000e+06,6.113595660176523552e+02
3.650344000000000000e+06,6.122179723193786458e+02
3.651280000000000000e+06,6.130940636918672908e+02
3.652216000000000000e+06,6.139535135186403068e+02
3.653152000000000000e+06,6.147570831341442954e+02
3.654084000000000000e+06,6.154612610878602936e+02
3.655020000000000000e+06,6.160202854919803030e+02
3.655956000000000000e+06,6.163896368635370209e+02
3.656892000000000000e+06,6.165307644159332767e+02
3.657824000000000000e+06,6.164165336461788911e+02
3.658768000000000000e+06,6.160367178587633816e+02
3.659696000000000000e+06,6.154028322949598078e+02
3.660632000000000000e+06,6.145517180826135473e+02
3.661564000000000000e+06,6.135474693047032133e+02
3.662500000000000000e+06,6.124814707099172892e+02
3.663436000000000000e+06,6.114703859845670877e+02
3.664372000000000000e+06,6.106518576585602887e+02
3.665304000000000000e+06,6.101774744117764158e+02
3.666240000000000000e+06,6.102023511391666943e+02
3.667176000000000000e+06,6.108706701374638897e+02
3.668112000000000000e+06,6.122970117855021499e+02
3.669044000000000000e+06,6.145444374188645043e+02
3.669980000000000000e+06,6.176019840936838818e+02
3.670916000000000000e+06,6.213660056845724284e+02
3.671852000000000000e+06,6.256308470563583342e+02
3.673720000000000000e+06,6.300938861458320162e+02
3.674656000000000000e+06,6.343777066050561189e+02
3.675592000000000000e+06,6.380684930794940328e+02
3.676524000000000000e+06,6.407657167881110354e+02
3.677460000000000000e+06,6.421350274352275846e+02
3.678396000000000000e+06,6.419549190364554079e+02
3.679332000000000000e+06,6.401485621824348300e+02
3.680272000000000000e+06,6.367949888628147619e+02
3.681200000000000000e+06,6.321179241398750719e+02
3.682136000000000000e+06,6.264550520903976576e+02
3.683072000000000000e+06,6.202143618400406240e+02
3.684004000000000000e+06,6.138265118640159699e+02
3.684940000000000000e+06,6.077022188232903090e+02
3.685876000000000000e+06,6.022013665195353269e+02
3.686812000000000000e+06,5.976164173355490448e+02
3.687744000000000000e+06,5.941681175089314593e+02
3.688680000000000000e+06,5.920081009932048346e+02
3.689616000000000000e+06,5.912221274198449237e+02
3.690552000000000000e+06,5.918296062175105590e+02
3.691484000000000000e+06,5.937787906241189830e+02
3.692420000000000000e+06,5.969407971712809058e+02
3.693356000000000000e+06,6.011076862614056608e+02
3.694292000000000000e+06,6.059993637955393524e+02
3.695224000000000000e+06,6.112814072543857264e+02
3.696160000000000000e+06,6.165924076701762715e+02
3.697096000000000000e+06,6.215765655225717410e+02
3.698032000000000000e+06,6.259160378174836978e+02
3.698964000000000000e+06,6.293579978329058804e+02
3.699900000000000000e+06,6.317329779951213595e+02
3.700836000000000000e+06,6.329630570329391048e+02
3.701776000000000000e+06,6.330602291296142994e+02
3.702704000000000000e+06,6.321165670519576452e+02
3.703640000000000000e+06,6.302885291032063151e+02
3.704576000000000000e+06,6.277780498098973112e+02
3.705512000000000000e+06,6.248129964583184801e+02
3.706444000000000000e+06,6.216292290666141298e+02
3.707380000000000000e+06,6.184558960295115639e+02
3.708316000000000000e+06,6.155047549641200249e+02
3.709252000000000000e+06,6.129632958443431789e+02
3.710184000000000000e+06,6.109904248302423184e+02
3.711120000000000000e+06,6.097127289218115038e+02
3.712056000000000000e+06,6.092192423497301661e+02
3.712992000000000000e+06,6.095534467053674916e+02
3.713924000000000000e+06,6.107029268474399260e+02
3.714860000000000000e+06,6.125892013847080761e+02
3.715796000000000000e+06,6.150619109507923667e+02
3.716732000000000000e+06,6.179018967589887552e+02
3.717664000000000000e+06,6.208362610345744770e+02
3.718600000000000000e+06,6.235655315309381876e+02
3.719536000000000000e+06,6.257995203012421825e+02
3.720472000000000000e+06,6.272956233327448672e+02
3.721404000000000000e+06,6.278921345846056283e+02
3.722340000000000000e+06,6.275299956665286345e+02
3.723280000000000000e+06,6.262589542787357004e+02
3.724208000000000000e+06,6.242275709602620282e+02
3.725144000000000000e+06,6.216598953372551932e+02
3.726080000000000000e+06,6.188239865878159662e+02
3.727016000000000000e+06,6.159981695580701171e+02
3.727952000000000000e+06,6.134399802502952070e+02
3.728884000000000000e+06,6.113608144852045143e+02
3.729820000000000000e+06,6.099074041676713023e+02
3.730756000000000000e+06,6.091502837877518459e+02
3.731692000000000000e+06,6.090795358235753838e+02
3.732624000000000000e+06,6.096086696078845080e+02
3.733560000000000000e+06,6.105875112418312938e+02
3.734496000000000000e+06,6.118238600324132221e+02
3.735432000000000000e+06,6.131116194429557709e+02
3.736364000000000000e+06,6.142610480700038806e+02
3.737300000000000000e+06,6.151257267133099731e+02
3.739172000000000000e+06,6.156213515856801450e+02
3.740104000000000000e+06,6.157333608591825396e+02
3.741040000000000000e+06,6.155129363622130541e+02
3.741976000000000000e+06,6.150631921377369054e+02
3.742912000000000000e+06,6.145187234190841536e+02
3.743844000000000000e+06,6.140220066751492141e+02
3.744788000000000000e+06,6.136997712319613356e+02
3.745716000000000000e+06,6.136419837250726914e+02
3.746652000000000000e+06,6.138858945701645098e+02
3.747584000000000000e+06,6.144076191040685444e+02
3.748520000000000000e+06,6.151234666399399202e+02
3.749456000000000000e+06,6.159021360474720268e+02
3.750392000000000000e+06,6.165868277056399620e+02
3.751324000000000000e+06,6.170237852932723399e+02
3.752260000000000000e+06,6.170917385243531044e+02
3.753196000000000000e+06,6.167260822686572510e+02
3.754132000000000000e+06,6.159327696389807443e+02
3.755064000000000000e+06,6.147894518248783697e+02
3.756000000000000000e+06,6.134344363355872929e+02
3.756936000000000000e+06,6.120464824122510663e+02
3.757872000000000000e+06,6.108195663726937710e+02
3.758804000000000000e+06,6.099364661358190460e+02
3.759740000000000000e+06,6.095439649449624540e+02
3.760676000000000000e+06,6.097316045778916305e+02
3.761612000000000000e+06,6.105158564996759196e+02
3.762544000000000000e+06,6.118321538932079875e+02
3.763480000000000000e+06,6.135375326840644448e+02
3.764416000000000000e+06,6.154256876033118715e+02
3.765352000000000000e+06,6.172538080108984104e+02
3.766292000000000000e+06,6.187773902330540068e+02
3.767220000000000000e+06,6.197866854141238946e+02
3.768156000000000000e+06,6.201376673388971312e+02
3.769092000000000000e+06,6.197717205209343092e+02
3.770024000000000000e+06,6.187211182325964955e+02
3.770960000000000000e+06,6.171007297434896373e+02
3.771896000000000000e+06,6.150891626469294806e+02
3.772832000000000000e+06,6.129039376973829576e+02
3.773764000000000000e+06,6.107750975301925109e+02
3.774700000000000000e+06,6.089202737625249711e+02
3.775636000000000000e+06,6.075225539751675115e+02
3.776572000000000000e+06,6.067114581778520233e+02
3.777504000000000000e+06,6.065474891247387177e+02
3.778440000000000000e+06,6.070118277609808501e+02
3.779376000000000000e+06,6.080038772326787466e+02
3.780312000000000000e+06,6.093494305014817201e+02
3.781244000000000000e+06,6.108206905795401553e+02
3.782180000000000000e+06,6.121665658717819269e+02
3.783116000000000000e+06,6.131486843794223205e+02
3.784052000000000000e+06,6.135766323273032867e+02
3.784984000000000000e+06,6.133357623805787853e+02
3.785920000000000000e+06,6.124025509076154776e+02
3.786856000000000000e+06,6.108453428617380041e+02
3.787796000000000000e+06,6.088115493691921074e+02
3.788724000000000000e+06,6.065050799528844436e+02
3.789660000000000000e+06,6.041592933868968203e+02
3.790596000000000000e+06,6.020106694098208209e+02
3.791532000000000000e+06,6.002768536556510526e+02
3.792464000000000000e+06,5.991403584759150363e+02
3.793400000000000000e+06,5.987370194926226077e+02
3.794336000000000000e+06,5.991472625673105767e+02
3.795272000000000000e+06,6.003887415692809100e+02
3.796204000000000000e+06,6.024105802326873800e+02
3.797140000000000000e+06,6.050912781739759794e+02
3.798076000000000000e+06,6.082432148633229190e+02
3.799008000000000000e+06,6.116260006974805492e+02
3.799944000000000000e+06,6.149688742159970616e+02
3.800880000000000000e+06,6.179997641065192511e+02
3.801816000000000000e+06,6.204765373029367765e+02
3.802752000000000000e+06,6.222150664341185120e+02
3.804620000000000000e+06,6.231092814952431809e+02
3.805556000000000000e+06,6.231400607191123981e+02
3.806492000000000000e+06,6.223721256586015897e+02
3.807424000000000000e+06,6.209404190409590001e+02
3.808360000000000000e+06,6.190292113972229799e+02
3.809300000000000000e+06,6.168480280272476648e+02
3.810232000000000000e+06,6.146082968003607903e+02
3.811164000000000000e+06,6.125035772532712599e+02
3.812100000000000000e+06,6.106947840263682110e+02
3.813036000000000000e+06,6.093005055549720055e+02
3.813972000000000000e+06,6.083917688868007190e+02
3.814904000000000000e+06,6.079905372068876659e+02
3.815840000000000000e+06,6.080716203769792401e+02
3.816776000000000000e+06,6.085680918059833857e+02
3.817712000000000000e+06,6.093803470458021820e+02
3.818644000000000000e+06,6.103884866841900703e+02
3.819580000000000000e+06,6.114669432976296548e+02
3.820516000000000000e+06,6.124995570764104968e+02
3.821448000000000000e+06,6.133929632274407595e+02
3.822384000000000000e+06,6.140863327756508170e+02
3.823320000000000000e+06,6.145561427065322277e+02
3.824256000000000000e+06,6.148155364353201549e+02
3.825192000000000000e+06,6.149087329023235498e+02
3.826124000000000000e+06,6.149016633385137993e+02
3.827060000000000000e+06,6.148704534795142536e+02
3.827996000000000000e+06,6.148895006107316021e+02
3.828932000000000000e+06,6.150207555747258539e+02
3.829864000000000000e+06,6.153054830730977756e+02
3.830804000000000000e+06,6.157593235377372594e+02
3.831736000000000000e+06,6.163709913914541403e+02
3.832672000000000000e+06,6.171044764123402047e+02
3.833604000000000000e+06,6.179042136660530105e+02
3.834540000000000000e+06,6.187023896700064824e+02
3.835476000000000000e+06,6.194273816209657753e+02
3.836412000000000000e+06,6.200122911777045829e+02
3.837344000000000000e+06,6.204026284192441381e+02
3.838280000000000000e+06,6.205624010581485663e+02
3.839216000000000000e+06,6.204781228380625180e+02
3.840152000000000000e+06,6.201605156341580596e+02
3.841084000000000000e+06,6.196438962233200982e+02
3.842020000000000000e+06,6.189833944785976882e+02
3.842956000000000000e+06,6.182502573410623654e+02
3.843888000000000000e+06,6.175255818154271310e+02
3.844824000000000000e+06,6.168929204192738780e+02
3.845760000000000000e+06,6.164303252529160773e+02
3.846696000000000000e+06,6.162025217781686024e+02
3.847632000000000000e+06,6.162539847501311669e+02
3.848564000000000000e+06,6.166036797713612714e+02
3.849500000000000000e+06,6.172421125050908586e+02
3.850436000000000000e+06,6.181311052129789232e+02
3.851372000000000000e+06,6.192064307964644740e+02
3.852308000000000000e+06,6.203831162570097604e+02
3.853240000000000000e+06,6.215629158324896935e+02
3.854176000000000000e+06,6.226431863985909558e+02
3.855112000000000000e+06,6.235262176664045910e+02
3.856044000000000000e+06,6.241280168570320939e+02
3.856980000000000000e+06,6.243856364150842637e+02
3.857916000000000000e+06,6.242623434642546272e+02
3.858852000000000000e+06,6.237502184757398709e+02
3.859784000000000000e+06,6.228700919181413838e+02
3.860720000000000000e+06,6.216690372370982232e+02
3.861656000000000000e+06,6.202158915442512352e+02
3.862592000000000000e+06,6.185954322108486849e+02
3.863524000000000000e+06,6.169018780063000804e+02
3.864460000000000000e+06,6.152323163571688838e+02
3.865396000000000000e+06,6.136805178406485766e+02
3.866332000000000000e+06,6.123314321306287411e+02
3.867264000000000000e+06,6.112565123022327498e+02
3.868200000000000000e+06,6.105099184752472183e+02
3.869136000000000000e+06,6.101256160857622035e+02
3.870072000000000000e+06,6.101153976855383689e+02
3.871004000000000000e+06,6.104679017456480778e+02
3.871940000000000000e+06,6.111487592137306137e+02
3.872876000000000000e+06,6.121020453351860624e+02
3.873812000000000000e+06,6.132532152221245951e+02
3.874744000000000000e+06,6.145136174085688481e+02
3.875680000000000000e+06,6.157864916898190586e+02
3.876616000000000000e+06,6.169740915969208572e+02
3.877552000000000000e+06,6.179852984774001925e+02
3.878484000000000000e+06,6.187429049733833608e+02
3.879420000000000000e+06,6.191897179678961720e+02
3.880356000000000000e+06,6.192927947783696254e+02
3.881292000000000000e+06,6.190454456271958179e+02
3.882224000000000000e+06,6.184670157167361140e+02
3.883160000000000000e+06,6.176007848509576661e+02
3.884096000000000000e+06,6.165105015261940480e+02
3.885028000000000000e+06,6.152760713833788486e+02
3.885964000000000000e+06,6.139887778039794739e+02
3.886900000000000000e+06,6.127461983458400709e+02
3.887836000000000000e+06,6.116467858968303517e+02
3.888772000000000000e+06,6.107839915037934588e+02
3.889704000000000000e+06,6.102398645108338542e+02
3.890640000000000000e+06,6.100782671419807457e+02
3.891576000000000000e+06,6.103381265128838322e+02
3.892512000000000000e+06,6.110274343426298174e+02
3.893444000000000000e+06,6.121189124667370152e+02
3.894380000000000000e+06,6.135483240125137172e+02
3.895316000000000000e+06,6.152162788874776425e+02
3.896252000000000000e+06,6.169940424592618911e+02
3.897184000000000000e+06,6.187333366747569698e+02
3.898120000000000000e+06,6.202794946929489015e+02
3.899056000000000000e+06,6.214866927170359077e+02
3.899992000000000000e+06,6.222334539937305635e+02
3.900924000000000000e+06,6.224363311108767221e+02
3.901860000000000000e+06,6.220597440607047020e+02
3.902796000000000000e+06,6.211204422304608670e+02
3.903732000000000000e+06,6.196859157888836762e+02
3.904664000000000000e+06,6.178671240144788044e+02
3.905600000000000000e+06,6.158068610588179581e+02
3.906536000000000000e+06,6.136656676754389537e+02
3.907468000000000000e+06,6.116072587467731410e+02
3.908404000000000000e+06,6.097850101113951951e+02
3.909340000000000000e+06,6.083303720006678077e+02
3.910276000000000000e+06,6.073434759112880101e+02
3.911212000000000000e+06,6.068859248272693776e+02
3.912144000000000000e+06,6.069758510373430909e+02
3.913080000000000000e+06,6.075856306569395429e+02
3.914016000000000000e+06,6.086428953656522935e+02
3.914952000000000000e+06,6.100354621298314441e+02
3.915884000000000000e+06,6.116204405215154338e+02
3.916820000000000000e+06,6.132371548952921785e+02
3.917756000000000000e+06,6.147228015335838336e+02
3.918692000000000000e+06,6.159291344582551346e+02
3.919624000000000000e+06,6.167380998549190281e+02
3.920560000000000000e+06,6.170743239696696492e+02
3.921496000000000000e+06,6.169127260772620502e+02
3.922432000000000000e+06,6.162802141639476758e+02
3.923364000000000000e+06,6.152513062145412732e+02
3.924300000000000000e+06,6.139384582607057155e+02
3.925236000000000000e+06,6.124787065011150844e+02
3.926172000000000000e+06,6.110187605321789306e+02
3.927104000000000000e+06,6.097007512189094314e+02
3.928040000000000000e+06,6.086503733842470183e+02
3.928976000000000000e+06,6.079682848214750948e+02
3.929908000000000000e+06,6.077246361337083727e+02
3.930844000000000000e+06,6.079559101595760922e+02
3.931780000000000000e+06,6.086631459378705813e+02
3.932716000000000000e+06,6.098111267423003028e+02
3.933652000000000000e+06,6.113289104047615865e+02
3.934584000000000000e+06,6.131126836302759102e+02
3.935520000000000000e+06,6.150319428720924861e+02
3.936456000000000000e+06,6.169393749198953856e+02
3.937392000000000000e+06,6.186838016009833154e+02
3.938324000000000000e+06,6.201246007445824944e+02
3.939260000000000000e+06,6.211454858114545914e+02
3.940196000000000000e+06,6.216655654013628691e+02
3.941132000000000000e+06,6.216461335772320353e+02
3.942064000000000000e+06,6.210924598644755861e+02
3.943000000000000000e+06,6.200507342425999013e+02
3.943936000000000000e+06,6.186010985498402306e+02
3.944872000000000000e+06,6.168482339601531521e+02
3.945804000000000000e+06,6.149111927643867830e+02
3.946740000000000000e+06,6.129140235973990229e+02
3.947676000000000000e+06,6.109782599077710756e+02
3.948612000000000000e+06,6.092176208669598054e+02
3.949544000000000000e+06,6.077345080828234813e+02
3.950480000000000000e+06,6.066173257091506912e+02
3.951416000000000000e+06,6.059375213126651261e+02
3.952352000000000000e+06,6.057456086670771356e+02
3.953284000000000000e+06,6.060661695093309618e+02
3.954220000000000000e+06,6.068926722640262597e+02
3.955156000000000000e+06,6.081835801461306801e+02
3.956092000000000000e+06,6.098613985896981831e+02
3.957024000000000000e+06,6.118159291148880357e+02
3.957960000000000000e+06,6.139121437294115822e+02
3.958896000000000000e+06,6.160020341176854117e+02
3.959832000000000000e+06,6.179388598250459381e+02
3.960764000000000000e+06,6.195916924760834945e+02
3.961700000000000000e+06,6.208581394685351142e+02
3.962636000000000000e+06,6.216735644047847700e+02
3.963572000000000000e+06,6.220158199972917146e+02
3.964504000000000000e+06,6.219052628118506618e+02
3.965440000000000000e+06,6.214004642962972866e+02
3.966376000000000000e+06,6.205904823822714889e+02
3.967312000000000000e+06,6.195847987767408540e+02
3.968244000000000000e+06,6.185020959091857549e+02
3.969180000000000000e+06,6.174589998065716827e+02
3.970116000000000000e+06,6.165597905770018770e+02
3.971048000000000000e+06,6.158878913935718629e+02
3.971984000000000000e+06,6.154996932429413619e+02
3.972920000000000000e+06,6.154209852638791745e+02
3.973856000000000000e+06,6.156459991601791444e+02
3.974792000000000000e+06,6.161388995269205680e+02
3.975724000000000000e+06,6.168374766669546716e+02
3.976660000000000000e+06,6.176587868073562504e+02
3.977596000000000000e+06,6.185064694355816073e+02
3.978532000000000000e+06,6.192793957076655715e+02
3.979464000000000000e+06,6.198811439546834663e+02
3.980400000000000000e+06,6.202295796907365002e+02
3.981336000000000000e+06,6.202656022495175421e+02
3.982268000000000000e+06,6.199600030152928412e+02
3.983204000000000000e+06,6.193174529323623574e+02
3.984140000000000000e+06,6.183769406347478252e+02
3.985076000000000000e+06,6.172084738457285766e+02
3.986012000000000000e+06,6.159064144932899580e+02
3.986944000000000000e+06,6.145802930332288270e+02
3.987880000000000000e+06,6.133442292341156872e+02
3.988816000000000000e+06,6.123061458979638019e+02
3.989752000000000000e+06,6.115578448065078874e+02
3.990684000000000000e+06,6.111668004841983475e+02
3.991620000000000000e+06,6.111702873735539470e+02
3.992556000000000000e+06,6.115722286639880849e+02
3.993492000000000000e+06,6.123429488170251034e+02
3.994424000000000000e+06,6.134218168120252130e+02
3.995360000000000000e+06,6.147225682885517699e+02
3.996296000000000000e+06,6.161408837550319504e+02
3.997232000000000000e+06,6.175635842133655160e+02
3.998164000000000000e+06,6.188786113717276294e+02
3.999100000000000000e+06,6.199848272588118334e+02
4.000036000000000000e+06,6.208006378393578188e+02
4.000972000000000000e+06,6.212705425723661392e+02
4.001904000000000000e+06,6.213689386500251430e+02
4.002840000000000000e+06,6.211008418150374837e+02
4.003776000000000000e+06,6.204995780429502474e+02
4.004712000000000000e+06,6.196218852646494497e+02
4.005644000000000000e+06,6.185411688507301733e+02
4.006580000000000000e+06,6.173398208498795157e+02
4.007516000000000000e+06,6.161015171227472820e+02
4.008452000000000000e+06,6.149042674813887288e+02
4.009384000000000000e+06,6.138147675365322584e+02
4.010320000000000000e+06,6.128843592802743387e+02
4.011256000000000000e+06,6.121467099327309143e+02
4.012192000000000000e+06,6.116171883197027910e+02
4.013124000000000000e+06,6.112938374787380553e+02
4.014060000000000000e+06,6.111597718086012492e+02
4.014996000000000000e+06,6.111867353749724998e+02
4.015932000000000000e+06,6.113394437463599616e+02
4.016864000000000000e+06,6.115802254352756790e+02
4.017800000000000000e+06,6.118734247962659083e+02
4.018736000000000000e+06,6.121890595169353446e+02
4.019672000000000000e+06,6.125053481499645613e+02
4.020604000000000000e+06,6.128099109767273376e+02
4.021540000000000000e+06,6.130996554435420194e+02
4.022476000000000000e+06,6.133795382526861886e+02
4.023412000000000000e+06,6.136605155039111423e+02
4.024344000000000000e+06,6.139570356524452563e+02
4.025280000000000000e+06,6.142844057637269088e+02
4.026216000000000000e+06,6.146562965957824645e+02
4.027152000000000000e+06,6.150825771366452273e+02
4.028084000000000000e+06,6.155676022793164748e+02
4.029020000000000000e+06,6.161090216113985889e+02
4.029956000000000000e+06,6.166971332095566822e+02
4.030892000000000000e+06,6.173147794207164907e+02
4.031824000000000000e+06,6.179377779384201403e+02
4.032760000000000000e+06,6.185358975085960083e+02
4.033696000000000000e+06,6.190744057454852509e+02
4.034632000000000000e+06,6.195162112097744966e+02
4.035564000000000000e+06,6.198245738485844640e+02
4.036500000000000000e+06,6.199662678023657918e+02
4.037436000000000000e+06,6.199149709141852327e+02
4.038372000000000000e+06,6.196545590233693019e+02
4.039304000000000000e+06,6.191819288866794295e+02
4.040240000000000000e+06,6.185089762436116416e+02
4.041176000000000000e+06,6.176634152324979823e+02
4.042112000000000000e+06,6.166882319028134134e+02
4.043044000000000000e+06,6.156397023080969575e+02
4.043980000000000000e+06,6.145840552201257196e+02
4.044916000000000000e+06,6.135929995026428969e+02
4.045852000000000000e+06,6.127384493851712932e+02
4.046784000000000000e+06,6.120868611988173598e+02
4.047720000000000000e+06,6.116936468903055584e+02
4.048656000000000000e+06,6.115981581199756647e+02
4.049592000000000000e+06,6.118197371836602088e+02
4.050524000000000000e+06,6.123552945025359122e+02
4.051460000000000000e+06,6.131787780519275657e+02
4.052396000000000000e+06,6.142427316547613145e+02
4.053332000000000000e+06,6.154818977497259311e+02
4.054264000000000000e+06,6.168185386162228951e+02
4.055200000000000000e+06,6.181688907044224379e+02
4.056136000000000000e+06,6.194499998752708052e+02
4.057068000000000000e+06,6.205861579253478340e+02
4.058004000000000000e+06,6.215142764898250789e+02
4.058940000000000000e+06,6.221877543084392528e+02
4.059876000000000000e+06,6.225786537480330480e+02
4.060812000000000000e+06,6.226782378614409481e+02
4.061744000000000000e+06,6.224960861953754829e+02
4.062680000000000000e+06,6.220580911738725263e+02
4.063616000000000000e+06,6.214036460407403410e+02
4.064552000000000000e+06,6.205822917248929116e+02
4.065484000000000000e+06,6.196500214298389437e+02
4.066420000000000000e+06,6.186653797826468235e+02
4.067356000000000000e+06,6.176854672872699439e+02
4.068288000000000000e+06,6.167619866729189653e+02
4.069224000000000000e+06,6.159375398117758778e+02
4.070160000000000000e+06,6.152424742474921686e+02
4.071096000000000000e+06,6.146926447862033456e+02
4.072032000000000000e+06,6.142884560335484139e+02
4.072964000000000000e+06,6.140154598065047367e+02
4.073900000000000000e+06,6.138465959254820064e+02
4.074836000000000000e+06,6.137459139286726213e+02
4.075772000000000000e+06,6.136733533073822855e+02
4.076704000000000000e+06,6.135899653773260525e+02
4.077640000000000000e+06,6.134628936202309433e+02
4.078576000000000000e+06,6.132695055167201872e+02
4.079508000000000000e+06,6.130002421693998258e+02
4.080444000000000000e+06,6.126599492025690097e+02
4.081380000000000000e+06,6.122676215530131003e+02
4.082316000000000000e+06,6.118546279570902016e+02
4.083252000000000000e+06,6.114615974479778515e+02
4.084184000000000000e+06,6.111342647801305930e+02
4.085120000000000000e+06,6.109186795701920119e+02
4.086056000000000000e+06,6.108562673437331796e+02
4.086992000000000000e+06,6.109792698492291265e+02
4.087924000000000000e+06,6.113070685034181224e+02
4.088860000000000000e+06,6.118437952812148524e+02
4.089796000000000000e+06,6.125774639484476438e+02
4.090728000000000000e+06,6.134806442616858249e+02
4.091664000000000000e+06,6.145125075350432553e+02
4.092600000000000000e+06,6.156219435663090280e+02
4.093536000000000000e+06,6.167514014835054468e+02
4.094472000000000000e+06,6.178411137630454277e+02
4.095404000000000000e+06,6.188333788350828399e+02
4.096340000000000000e+06,6.196765781208534918e+02
4.097276000000000000e+06,6.203285998667314516e+02
4.098212000000000000e+06,6.207593671910192370e+02
4.099144000000000000e+06,6.209522430415015606e+02
4.100080000000000000e+06,6.209042063399459721e+02
4.101016000000000000e+06,6.206248420836062678e+02
4.101952000000000000e+06,6.201343430476641743e+02
4.102884000000000000e+06,6.194608589648104271e+02
4.103820000000000000e+06,6.186376171110725863e+02
4.104756000000000000e+06,6.177002404898893246e+02
4.105692000000000000e+06,6.166845946752383725e+02
4.106624000000000000e+06,6.156253307495911713e+02
4.107560000000000000e+06,6.145551142769478474e+02
4.108496000000000000e+06,6.135043862419743164e+02
4.109432000000000000e+06,6.125014132762562440e+02
4.110364000000000000e+06,6.115723563736756887e+02
4.111300000000000000e+06,6.107411217869013171e+02
4.112236000000000000e+06,6.100288512683910085e+02
4.113172000000000000e+06,6.094530400271856934e+02
4.114104000000000000e+06,6.090264012520391361e+02
4.115040000000000000e+06,6.087556872472414398e+02
4.115976000000000000e+06,6.086407094187106850e+02
4.116912000000000000e+06,6.086737768945852167e+02
4.117844000000000000e+06,6.088397149497341161e+02
4.118780000000000000e+06,6.091165488974005484e+02
4.119716000000000000e+06,6.094768606333038861e+02
4.120652000000000000e+06,6.098897518971042473e+02
4.121584000000000000e+06,6.103232835585334897e+02
4.122520000000000000e+06,6.107472020393674939e+02
4.123456000000000000e+06,6.111357086074900735e+02
4.124392000000000000e+06,6.114699753114587111e+02
4.125324000000000000e+06,6.117400752678036042e+02
4.126260000000000000e+06,6.119460000741639760e+02
4.127196000000000000e+06,6.120975087331809164e+02
4.128132000000000000e+06,6.122126977280503297e+02
4.129064000000000000e+06,6.123153800275867980e+02
4.130000000000000000e+06,6.124315698344801149e+02
4.130936000000000000e+06,6.125855432662624480e+02
4.131872000000000000e+06,6.127960460493453638e+02
4.132804000000000000e+06,6.130732253898200952e+02
4.133740000000000000e+06,6.134167661420975719e+02
4.134676000000000000e+06,6.138155196205557331e+02
4.135612000000000000e+06,6.142486582335795902e+02
4.136544000000000000e+06,6.146881255845013357e+02
4.137480000000000000e+06,6.151019449497238156e+02
4.138416000000000000e+06,6.154578492071184428e+02
4.139352000000000000e+06,6.157267163905048619e+02
4.140284000000000000e+06,6.158854136756460775e+02
4.141220000000000000e+06,6.159188242434560152e+02
4.142156000000000000e+06,6.158210087533465185e+02
4.143092000000000000e+06,6.155955948161824836e+02
4.144024000000000000e+06,6.152555623800071771e+02
4.144960000000000000e+06,6.148225872250346811e+02
4.145896000000000000e+06,6.143260352018862704e+02
4.146832000000000000e+06,6.138016094364049877e+02
4.147764000000000000e+06,6.132895883889924562e+02
4.148700000000000000e+06,6.128325818932549964e+02
4.149636000000000000e+06,6.124727787139651127e+02
4.150572000000000000e+06,6.122487516777116525e+02
4.151504000000000000e+06,6.121920058325763421e+02
4.152440000000000000e+06,6.123235753274464059e+02
4.153376000000000000e+06,6.126510664403156170e+02
4.154308000000000000e+06,6.131665811560616248e+02
4.155244000000000000e+06,6.138459182860655119e+02
4.156180000000000000e+06,6.146493278424937898e+02
4.157116000000000000e+06,6.155238995566256790e+02
4.158052000000000000e+06,6.164074359025448757e+02
4.158984000000000000e+06,6.172334481381403748e+02
4.159920000000000000e+06,6.179367655480506301e+02
4.160856000000000000e+06,6.184591818715450700e+02
4.161792000000000000e+06,6.187545763675069566e+02
4.162724000000000000e+06,6.187930297754512594e+02
4.163660000000000000e+06,6.185635931518299913e+02
4.164596000000000000e+06,6.180755363085696672e+02
4.165532000000000000e+06,6.173580669337727613e+02
4.166464000000000000e+06,6.164586348125471886e+02
4.167400000000000000e+06,6.154399991999412123e+02
4.168336000000000000e+06,6.143762525715618494e+02
4.169272000000000000e+06,6.133479934755318936e+02
4.170204000000000000e+06,6.124368574794173128e+02
4.171140000000000000e+06,6.117196645824018333e+02
4.172076000000000000e+06,6.112625219127880882e+02
4.173012000000000000e+06,6.111153145476969257e+02
4.173944000000000000e+06,6.113070941452002671e+02
4.174880000000000000e+06,6.118428960574751727e+02
4.175816000000000000e+06,6.127024461068014034e+02
4.176752000000000000e+06,6.138410447226732458e+02
4.177684000000000000e+06,6.151926596987607354e+02
4.178620000000000000e+06,6.166749730556872464e+02
4.179556000000000000e+06,6.181958768544832310e+02
4.180492000000000000e+06,6.196607454195379887e+02
4.181424000000000000e+06,6.209797460634357549e+02
4.182360000000000000e+06,6.220744804946435806e+02
4.183296000000000000e+06,6.228833544217105782e+02
4.184232000000000000e+06,6.233652328468018595e+02
4.185164000000000000e+06,6.235011398201042994e+02
4.186100000000000000e+06,6.232939904173668992e+02
4.187036000000000000e+06,6.227665707333442242e+02
4.187968000000000000e+06,6.219581663953081261e+02
4.188904000000000000e+06,6.209203478196537844e+02
4.189840000000000000e+06,6.197124443111508754e+02
4.190776000000000000e+06,6.183971926405189379e+02
4.191712000000000000e+06,6.170369439457862200e+02
4.192644000000000000e+06,6.156906672907759912e+02
4.193580000000000000e+06,6.144118198988013546e+02
4.194516000000000000e+06,6.132470005107851421e+02
4.195452000000000000e+06,6.122352026915917804e+02
4.196384000000000000e+06,6.114074557703312394e+02
4.197320000000000000e+06,6.107866690006275121e+02
4.198256000000000000e+06,6.103875528498209633e+02
4.199192000000000000e+06,6.102165609223841329e+02
4.200124000000000000e+06,6.102718668673257980e+02
4.201060000000000000e+06,6.105434490601263633e+02
4.201996000000000000e+06,6.110133819301833000e+02
4.202932000000000000e+06,6.116564154643414213e+02
4.203864000000000000e+06,6.124408756492289285e+02
4.204800000000000000e+06,6.133298680710006465e+02
4.205736000000000000e+06,6.142827392235765274e+02
4.206672000000000000e+06,6.152567444052320980e+02
4.207604000000000000e+06,6.162088631807647516e+02
4.208540000000000000e+06,6.170976715472623937e+02
4.209476000000000000e+06,6.178851303700487279e+02
4.210412000000000000e+06,6.185381166601146106e+02
4.211344000000000000e+06,6.190295451671167939e+02
4.212280000000000000e+06,6.193390135783031383e+02
4.213216000000000000e+06,6.194530287683287497e+02
4.214152000000000000e+06,6.193649833801263185e+02
4.215084000000000000e+06,6.190751025387178288e+02
4.216020000000000000e+06,6.185905433409633360e+02
4.216956000000000000e+06,6.179257120724470269e+02
4.217892000000000000e+06,6.171027074424778220e+02
4.218824000000000000e+06,6.161516638010679117e+02
4.219760000000000000e+06,6.151107080359645352e+02
4.220696000000000000e+06,6.140252751051480118e+02
4.221632000000000000e+06,6.129466313769213457e+02
4.222564000000000000e+06,6.119295939139205984e+02
4.223500000000000000e+06,6.110295665009151662e+02
4.224436000000000000e+06,6.102991061051536690e+02
4.225372000000000000e+06,6.097842707849454200e+02
4.226304000000000000e+06,6.095209940264398938e+02
4.227240000000000000e+06,6.095317184117814122e+02
4.228176000000000000e+06,6.098225412561126859e+02
4.229108000000000000e+06,6.103811837038113026e+02
4.230044000000000000e+06,6.111761584090359065e+02
4.230980000000000000e+06,6.121575210743632169e+02
4.231916000000000000e+06,6.132594971581538630e+02
4.232852000000000000e+06,6.144050599319793946e+02
4.233784000000000000e+06,6.155122271544003070e+02
4.234720000000000000e+06,6.165015070701590503e+02
4.235656000000000000e+06,6.173036451005357321e+02
4.236592000000000000e+06,6.178666757710773254e+02
4.237524000000000000e+06,6.181613099309563495e+02
4.238460000000000000e+06,6.181838784731048690e+02
4.239396000000000000e+06,6.179563675207249389e+02
4.240328000000000000e+06,6.175234590011071987e+02
4.241264000000000000e+06,6.169468805846333908e+02
4.242200000000000000e+06,6.162977251890818025e+02
4.243136000000000000e+06,6.156476837230056844e+02
4.244072000000000000e+06,6.150603083207676036e+02
4.245004000000000000e+06,6.145834556581603465e+02
4.245940000000000000e+06,6.142439378532892533e+02
4.246876000000000000e+06,6.140451434546564542e+02
4.247812000000000000e+06,6.139680110689733965e+02
4.248744000000000000e+06,6.139752777832865149e+02
4.249680000000000000e+06,6.140184298543273371e+02
4.250616000000000000e+06,6.140463262348384887e+02
4.251552000000000000e+06,6.140141437367663002e+02
4.252484000000000000e+06,6.138912002322523449e+02
4.253420000000000000e+06,6.136663978657800271e+02
4.254356000000000000e+06,6.133504644778744250e+02
4.255292000000000000e+06,6.129747543631541475e+02
4.256224000000000000e+06,6.125869504511621244e+02
4.257160000000000000e+06,6.122444503162968203e+02
4.258096000000000000e+06,6.120064416435022849e+02
4.259032000000000000e+06,6.119256866578388099e+02
4.259964000000000000e+06,6.120409145723422171e+02
4.260900000000000000e+06,6.123705655954934173e+02
4.261836000000000000e+06,6.129085127883238329e+02
4.262772000000000000e+06,6.136223171806853998e+02
4.263704000000000000e+06,6.144544826426918007e+02
4.264640000000000000e+06,6.153269719514212284e+02
4.265576000000000000e+06,6.161488632816892732e+02
4.266512000000000000e+06,6.168265013280598623e+02
4.267444000000000000e+06,6.172749615054979131e+02
4.268380000000000000e+06,6.174292708202322046e+02
4.269316000000000000e+06,6.172537465121172318e+02
4.270252000000000000e+06,6.167480619929336854e+02
4.271184000000000000e+06,6.159491690977553162e+02
4.272120000000000000e+06,6.149288670418762877e+02
4.273056000000000000e+06,6.137874561663713848e+02
4.273988000000000000e+06,6.126444123421471204e+02
4.274924000000000000e+06,6.116272876501672044e+02
4.275860000000000000e+06,6.108600800334738778e+02
4.276796000000000000e+06,6.104521719142952634e+02
4.277732000000000000e+06,6.104886930463893577e+02
4.278664000000000000e+06,6.110228928800941048e+02
4.279600000000000000e+06,6.120708760704709448e+02
4.280536000000000000e+06,6.136089025902157346e+02
4.281472000000000000e+06,6.155733858649715557e+02
4.282404000000000000e+06,6.178636981777735855e+02
4.283340000000000000e+06,6.203478412907826396e+02
4.284276000000000000e+06,6.228708979798778955e+02
4.285212000000000000e+06,6.252659288462529048e+02
4.286144000000000000e+06,6.273666555615229754e+02
4.287080000000000000e+06,6.290209457584639949e+02
4.288016000000000000e+06,6.301038578549507747e+02
4.288952000000000000e+06,6.305288784039146321e+02
4.289884000000000000e+06,6.302560404072763731e+02
4.290820000000000000e+06,6.292958767378291896e+02
4.291756000000000000e+06,6.277086270646826733e+02
4.292692000000000000e+06,6.255987172368438678e+02
4.293624000000000000e+06,6.231051596165357296e+02
4.294560000000000000e+06,6.203890541935910505e+02
4.295496000000000000e+06,6.176196948511271785e+02
4.296432000000000000e+06,6.149608482526668922e+02
4.297364000000000000e+06,6.125585877667476780e+02
4.298300000000000000e+06,6.105317007975654633e+02
4.299236000000000000e+06,6.089652431605985612e+02
4.300172000000000000e+06,6.079073869787458761e+02
4.301104000000000000e+06,6.073693712805685436e+02
4.302040000000000000e+06,6.073281466216337776e+02
4.302976000000000000e+06,6.077311929563687727e+02
4.303912000000000000e+06,6.085029438786144738e+02
4.304844000000000000e+06,6.095522301004982637e+02
4.305780000000000000e+06,6.107801406061354328e+02
4.306716000000000000e+06,6.120876966892595874e+02
4.307652000000000000e+06,6.133827626115671592e+02
4.308584000000000000e+06,6.145856951056204025e+02
4.309520000000000000e+06,6.156333664001460875e+02
4.310456000000000000e+06,6.164813710482229681e+02
4.311392000000000000e+06,6.171044233585001848e+02
4.312324000000000000e+06,6.174951379969380696e+02
4.313260000000000000e+06,6.176615273475483718e+02
4.314196000000000000e+06,6.176236247851943517e+02
4.315128000000000000e+06,6.174096572392809321e+02
4.316064000000000000e+06,6.170521658545216042e+02
4.317000000000000000e+06,6.165844303839794520e+02
4.317936000000000000e+06,6.160374933461835099e+02
4.318872000000000000e+06,6.154379938560130086e+02
4.319804000000000000e+06,6.148069070628359896e+02
4.320740000000000000e+06,6.141591625126700364e+02
4.321676000000000000e+06,6.135040134904049864e+02
4.322612000000000000e+06,6.128459722052551797e+02
4.323544000000000000e+06,6.121861185515206216e+02
4.324480000000000000e+06,6.115236232278180069e+02
4.325416000000000000e+06,6.108573774981217639e+02
4.326348000000000000e+06,6.101876620217811933e+02
4.327284000000000000e+06,6.095177862680181988e+02
4.328220000000000000e+06,6.088555762163907730e+02
4.329156000000000000e+06,6.082145045941125545e+02
4.330092000000000000e+06,6.076141982862050099e+02
4.331024000000000000e+06,6.070800738978015261e+02
4.331960000000000000e+06,6.066419610435683580e+02
4.332896000000000000e+06,6.063317440690148032e+02
4.333832000000000000e+06,6.061802307116678321e+02
4.334764000000000000e+06,6.062135920436624019e+02
4.335700000000000000e+06,6.064497934932031740e+02
4.336636000000000000e+06,6.068954623180953831e+02
4.337568000000000000e+06,6.075436298251948983e+02
4.338504000000000000e+06,6.083727452240527782e+02
4.339440000000000000e+06,6.093472556079004789e+02
4.340376000000000000e+06,6.104198569252192783e+02
4.341312000000000000e+06,6.115352567788287388e+02
4.342244000000000000e+06,6.126350169735808322e+02
4.343180000000000000e+06,6.136628509220053047e+02
4.344116000000000000e+06,6.145697009387233720e+02
4.345052000000000000e+06,6.153180153514891799e+02
4.345984000000000000e+06,6.158848289382649455e+02
4.346920000000000000e+06,6.162634418385405297e+02
4.347856000000000000e+06,6.164636321515832833e+02
4.348792000000000000e+06,6.165104157765463242e+02
4.349724000000000000e+06,6.164414183217060099e+02
4.350660000000000000e+06,6.163029967431222076e+02
4.351596000000000000e+06,6.161453703342077688e+02
4.352532000000000000e+06,6.160171795872148550e+02
4.353464000000000000e+06,6.159600412353304364e+02
4.354400000000000000e+06,6.160037511873905487e+02
4.355336000000000000e+06,6.161627600732979317e+02
4.356272000000000000e+06,6.164343962018031107e+02
4.357204000000000000e+06,6.167990651818823835e+02
4.358140000000000000e+06,6.172223722702022997e+02
4.359076000000000000e+06,6.176588550909365267e+02
4.360012000000000000e+06,6.180568235633073755e+02
4.360944000000000000e+06,6.183636993373906989e+02
4.361880000000000000e+06,6.185312304359434847e+02
4.362816000000000000e+06,6.185200178416885137e+02
4.363752000000000000e+06,6.183029126791419685e+02
4.364684000000000000e+06,6.178670109099304000e+02
4.365620000000000000e+06,6.172141751110406176e+02
4.366556000000000000e+06,6.163602268098659351e+02
4.367492000000000000e+06,6.153331340652810013e+02
4.368424000000000000e+06,6.141706157465865772e+02
4.369360000000000000e+06,6.129175648845565547e+02
4.370296000000000000e+06,6.116235675626468264e+02
4.371232000000000000e+06,6.103406101807796631e+02
4.372164000000000000e+06,6.091208989322741445e+02
4.373100000000000000e+06,6.080146300264244701e+02
4.374036000000000000e+06,6.070675835907419469e+02
4.374972000000000000e+06,6.063185521093356556e+02
4.375904000000000000e+06,6.057967931028877047e+02
4.376840000000000000e+06,6.055198366996313553e+02
4.377776000000000000e+06,6.054920234846559879e+02
4.378712000000000000e+06,6.057040815476801754e+02
4.379644000000000000e+06,6.061339002082322622e+02
4.380580000000000000e+06,6.067484668569260293e+02
4.381516000000000000e+06,6.075067444005983361e+02
4.382452000000000000e+06,6.083631123896593635e+02
4.383384000000000000e+06,6.092709066095537764e+02
4.384320000000000000e+06,6.101856005504251925e+02
4.385256000000000000e+06,6.110672875858768975e+02
4.386192000000000000e+06,6.118823116948054803e+02
4.387124000000000000e+06,6.126040874041722191e+02
4.388060000000000000e+06,6.132132785251138785e+02
4.388996000000000000e+06,6.136975431218434096e+02
4.389932000000000000e+06,6.140510204145609805e+02
4.390864000000000000e+06,6.142736801091533607e+02
4.391800000000000000e+06,6.143706134102935721e+02
4.392736000000000000e+06,6.143513264670953049e+02
4.394604000000000000e+06,6.142290856525085019e+02
4.395540000000000000e+06,6.140203411151642285e+02
4.396476000000000000e+06,6.137442174390996570e+02
4.397412000000000000e+06,6.134220248354001797e+02
4.398344000000000000e+06,6.130767362492242682e+02
4.399280000000000000e+06,6.127324074296151366e+02
4.400216000000000000e+06,6.124135705017366718e+02
4.401152000000000000e+06,6.121446635861768755e+02
4.402084000000000000e+06,6.119495318562688908e+02
4.403020000000000000e+06,6.118509512801580286e+02
4.403956000000000000e+06,6.118700323970009549e+02
4.404892000000000000e+06,6.120253198016202987e+02
4.405824000000000000e+06,6.123314507331378991e+02
4.406760000000000000e+06,6.127973668521013906e+02
4.407696000000000000e+06,6.134242450773666633e+02
4.408632000000000000e+06,6.142034705374483110e+02
4.409564000000000000e+06,6.151150682915500738e+02
4.410500000000000000e+06,6.161270112017264182e+02
4.411436000000000000e+06,6.171957248169941295e+02
4.412368000000000000e+06,6.182679367680167388e+02
4.413304000000000000e+06,6.192838086484891846e+02
4.414240000000000000e+06,6.201810925106730110e+02
4.415176000000000000e+06,6.208999125549836435e+02
4.416112000000000000e+06,6.213876993183262130e+02
4.417044000000000000e+06,6.216037834406969296e+02
4.417980000000000000e+06,6.215231635205117300e+02
4.418916000000000000e+06,6.211389906632547309e+02
4.419852000000000000e+06,6.204633850544742018e+02
4.420784000000000000e+06,6.195263540158327942e+02
4.421720000000000000e+06,6.183728311872486074e+02
4.422660000000000000e+06,6.170581718089708829e+02
4.423592000000000000e+06,6.156427455196688925e+02
4.424524000000000000e+06,6.141864716290166371e+02
4.425460000000000000e+06,6.127441627338245098e+02
4.426396000000000000e+06,6.113623525541389654e+02
4.427332000000000000e+06,6.100779291141516296e+02
4.428264000000000000e+06,6.089184822296097082e+02
4.429200000000000000e+06,6.079039249974053973e+02
4.430136000000000000e+06,6.070487453416201333e+02
4.431072000000000000e+06,6.063642096114906508e+02
4.432004000000000000e+06,6.058599506512871358e+02
4.432940000000000000e+06,6.055445763304113598e+02
4.433876000000000000e+06,6.054251756563006666e+02
4.434812000000000000e+06,6.055058333229379741e+02
4.435744000000000000e+06,6.057854599222214347e+02
4.436680000000000000e+06,6.062553851422536582e+02
4.437616000000000000e+06,6.068972320385677222e+02
4.438548000000000000e+06,6.076815834827094704e+02
4.439484000000000000e+06,6.085678655685522926e+02
4.440420000000000000e+06,6.095057154984465342e+02
4.441356000000000000e+06,6.104378940499345845e+02
4.442292000000000000e+06,6.113045763515549424e+02
4.443224000000000000e+06,6.120486425903015970e+02
4.444168000000000000e+06,6.126214180351336154e+02
4.445096000000000000e+06,6.129881959188355722e+02
4.446032000000000000e+06,6.131328321258777123e+02
4.446964000000000000e+06,6.130607455066030980e+02
4.447900000000000000e+06,6.127998065570969857e+02
4.448836000000000000e+06,6.123988457732657480e+02
4.449772000000000000e+06,6.119238268303879522e+02
4.450704000000000000e+06,6.114520487650786436e+02
4.451640000000000000e+06,6.110650009315422722e+02
4.452576000000000000e+06,6.108406507356837665e+02
4.453512000000000000e+06,6.108459840318638499e+02
4.454444000000000000e+06,6.111305512509469509e+02
4.455380000000000000e+06,6.117216195370191372e+02
4.456316000000000000e+06,6.126213215439122450e+02
4.457252000000000000e+06,6.138059628763903675e+02
4.458184000000000000e+06,6.152274404737374880e+02
4.460056000000000000e+06,6.168165578279744068e+02
4.460992000000000000e+06,6.184879048981989627e+02
4.461924000000000000e+06,6.201458932028454001e+02
4.462860000000000000e+06,6.216914888089567057e+02
4.463796000000000000e+06,6.230291613740859020e+02
4.464732000000000000e+06,6.240735693954474073e+02
4.465672000000000000e+06,6.247555394177798007e+02
4.466600000000000000e+06,6.250269706293295258e+02
4.467536000000000000e+06,6.248643881919069827e+02
4.468472000000000000e+06,6.242709513638035332e+02
4.469404000000000000e+06,6.232767809886524901e+02
4.470340000000000000e+06,6.219375168543842847e+02
4.471276000000000000e+06,6.203310777658252846e+02
4.472212000000000000e+06,6.185526987627024482e+02
4.473144000000000000e+06,6.167084630613318268e+02
4.474080000000000000e+06,6.149077153011991186e+02
4.475016000000000000e+06,6.132549103826094097e+02
4.475952000000000000e+06,6.118415823637743642e+02
4.476884000000000000e+06,6.107391714128641524e+02
4.477820000000000000e+06,6.099933982062228779e+02
4.478756000000000000e+06,6.096207295960132342e+02
4.479692000000000000e+06,6.096072726016474235e+02
4.480624000000000000e+06,6.099102109966740954e+02
4.481560000000000000e+06,6.104616888585796914e+02
4.482496000000000000e+06,6.111748516375645295e+02
4.483432000000000000e+06,6.119515670740039468e+02
4.484364000000000000e+06,6.126911639053129193e+02
4.485300000000000000e+06,6.132993701915094107e+02
4.486236000000000000e+06,6.136965534222466658e+02
4.487176000000000000e+06,6.138244067998979290e+02
4.488104000000000000e+06,6.136504008950292928e+02
4.489040000000000000e+06,6.131695934557325245e+02
4.489976000000000000e+06,6.124037051016163105e+02
4.490912000000000000e+06,6.113976750698298019e+02
4.491844000000000000e+06,6.102141815313478901e+02
4.492780000000000000e+06,6.089268304221000108e+02
4.493716000000000000e+06,6.076128647910588825e+02
4.494652000000000000e+06,6.063462913268650709e+02
4.495584000000000000e+06,6.051922313801345581e+02
4.496520000000000000e+06,6.042030738332476858e+02
4.497456000000000000e+06,6.034166716075475279e+02
4.498388000000000000e+06,6.028564583075416294e+02
4.499324000000000000e+06,6.025330575021347386e+02
4.500260000000000000e+06,6.024467820826741900e+02
4.501196000000000000e+06,6.025903935950838104e+02
4.502132000000000000e+06,6.029515830016565587e+02
4.503064000000000000e+06,6.035147923365536826e+02
4.504000000000000000e+06,6.042621713424381369e+02
4.504936000000000000e+06,6.051736265116120421e+02
4.505872000000000000e+06,6.062260700459210057e+02
4.506804000000000000e+06,6.073921227268887151e+02
4.507740000000000000e+06,6.086386636309875939e+02
4.508680000000000000e+06,6.099257191272342880e+02
4.509608000000000000e+06,6.112061967206877853e+02
4.510544000000000000e+06,6.124268643669643097e+02
4.511480000000000000e+06,6.135307585500020195e+02
4.512416000000000000e+06,6.144609197748169436e+02
4.513352000000000000e+06,6.151650720738939526e+02
4.514284000000000000e+06,6.156006522748513135e+02
4.515220000000000000e+06,6.157394967453705021e+02
4.516156000000000000e+06,6.155715157274112244e+02
4.517092000000000000e+06,6.151068143236583410e+02
4.518024000000000000e+06,6.143759312322155210e+02
4.518960000000000000e+06,6.134281287430789007e+02
4.519896000000000000e+06,6.123279360038280856e+02
4.520832000000000000e+06,6.111503694470626442e+02
4.521764000000000000e+06,6.099753799123739100e+02
4.522700000000000000e+06,6.088820807920811831e+02
4.523636000000000000e+06,6.079432178188981197e+02
4.525504000000000000e+06,6.072202129396223427e+02
4.526440000000000000e+06,6.067590164514602975e+02
4.527376000000000000e+06,6.065869543428219686e+02
4.528312000000000000e+06,6.067107364488073245e+02
4.529244000000000000e+06,6.071157603458322001e+02
4.530188000000000000e+06,6.077667941767352886e+02
4.531116000000000000e+06,6.086100628430898496e+02
4.532048000000000000e+06,6.095767142445002946e+02
4.532984000000000000e+06,6.105876034095318801e+02
4.533920000000000000e+06,6.115592709388760113e+02
4.534856000000000000e+06,6.124108649211423199e+02
4.535792000000000000e+06,6.130715474572883750e+02
4.536724000000000000e+06,6.134876828347476021e+02
4.537660000000000000e+06,6.136289197591969469e+02
4.538596000000000000e+06,6.134922547673942290e+02
4.539532000000000000e+06,6.131033494860120072e+02
4.540464000000000000e+06,6.125147454653175600e+02
4.541400000000000000e+06,6.118010836077827435e+02
4.542336000000000000e+06,6.110518684937470653e+02
4.543268000000000000e+06,6.103626179804008416e+02
4.544204000000000000e+06,6.098253562995242874e+02
4.545140000000000000e+06,6.095193617588771531e+02
4.546076000000000000e+06,6.095029392150803460e+02
4.547012000000000000e+06,6.098068422591491071e+02
4.547944000000000000e+06,6.104298800540428829e+02
4.548880000000000000e+06,6.113372033721989283e+02
4.549816000000000000e+06,6.124617064819615280e+02
4.550752000000000000e+06,6.137088181295906679e+02
4.551692000000000000e+06,6.149646288700741934e+02
4.552620000000000000e+06,6.161068260129729879e+02
4.553556000000000000e+06,6.170173749808046750e+02
4.554492000000000000e+06,6.175954451202986775e+02
4.555424000000000000e+06,6.177688729735466495e+02
4.556360000000000000e+06,6.175025650981507397e+02
4.557296000000000000e+06,6.168026516046041934e+02
4.558232000000000000e+06,6.157158221714239517e+02
4.559164000000000000e+06,6.143239845168062629e+02
4.560100000000000000e+06,6.127350529801173025e+02
4.561036000000000000e+06,6.110711888118028128e+02
4.561972000000000000e+06,6.094560936420131156e+02
4.562904000000000000e+06,6.080029713180391582e+02
4.563840000000000000e+06,6.068045401034885344e+02
4.564776000000000000e+06,6.059260588555744107e+02
4.565712000000000000e+06,6.054018191442022498e+02
4.566644000000000000e+06,6.052350561296454998e+02
4.567580000000000000e+06,6.054008375799836585e+02
4.568516000000000000e+06,6.058512523688993952e+02
4.569452000000000000e+06,6.065221281587760132e+02
4.570384000000000000e+06,6.073405110974553054e+02
4.571320000000000000e+06,6.082321819524436251e+02
4.572256000000000000e+06,6.091285345606368082e+02
4.573196000000000000e+06,6.099722096940341771e+02
4.574124000000000000e+06,6.107209853173808369e+02
4.575060000000000000e+06,6.113495952612785231e+02
4.575996000000000000e+06,6.118493873951545083e+02
4.576932000000000000e+06,6.122260173267060281e+02
4.577864000000000000e+06,6.124956526967107493e+02
4.578800000000000000e+06,6.126803687023627845e+02
4.579736000000000000e+06,6.128034955854478767e+02
4.580672000000000000e+06,6.128856234991274050e+02
4.581604000000000000e+06,6.129418097205427785e+02
4.582540000000000000e+06,6.129803129755449618e+02
4.583476000000000000e+06,6.130029363690550781e+02
4.584408000000000000e+06,6.130068165428722295e+02
4.585344000000000000e+06,6.129872702515867786e+02
4.586280000000000000e+06,6.129411259025450818e+02
4.587216000000000000e+06,6.128698617524448764e+02
4.588152000000000000e+06,6.127818780329153014e+02
4.589084000000000000e+06,6.126933604333316907e+02
4.590020000000000000e+06,6.126274269465901625e+02
4.590956000000000000e+06,6.126115425141711057e+02
4.591892000000000000e+06,6.126734854870117033e+02
4.592824000000000000e+06,6.128364184390034097e+02
4.593760000000000000e+06,6.131138243620247295e+02
4.594700000000000000e+06,6.135051845797638634e+02
4.595628000000000000e+06,6.139932575597896403e+02
4.596564000000000000e+06,6.145436403890722659e+02
4.597500000000000000e+06,6.151069640356042783e+02
4.598436000000000000e+06,6.156236408257713038e+02
4.599372000000000000e+06,6.160306319027898780e+02
4.600304000000000000e+06,6.162693269323979166e+02
4.601240000000000000e+06,6.162934050088342701e+02
4.602176000000000000e+06,6.160755167111493620e+02
4.603112000000000000e+06,6.156117928091789508e+02
4.604044000000000000e+06,6.149235103811910221e+02
4.604980000000000000e+06,6.140556758345397839e+02
4.605916000000000000e+06,6.130727477069834777e+02
4.606852000000000000e+06,6.120521418384078061e+02
4.607784000000000000e+06,6.110764592032346627e+02
4.608720000000000000e+06,6.102254960817306255e+02
4.609656000000000000e+06,6.095690248944379164e+02
4.610592000000000000e+06,6.091611078451985577e+02
4.611524000000000000e+06,6.090363933942253425e+02
4.612460000000000000e+06,6.092085241845114751e+02
4.613396000000000000e+06,6.096705143905281830e+02
4.614332000000000000e+06,6.103967638076551339e+02
4.615264000000000000e+06,6.113462678574993561e+02
4.616208000000000000e+06,6.124665486619060175e+02
4.617136000000000000e+06,6.136978622312344669e+02
4.618072000000000000e+06,6.149773146412760525e+02
4.619004000000000000e+06,6.162426209242890991e+02
4.619940000000000000e+06,6.174353384133898999e+02
4.620876000000000000e+06,6.185034866032458467e+02
4.621812000000000000e+06,6.194035272979082265e+02
4.622744000000000000e+06,6.201017255336487324e+02
4.623680000000000000e+06,6.205749411341807900e+02
4.624616000000000000e+06,6.208109065007342906e+02
4.625552000000000000e+06,6.208080305646633406e+02
4.626484000000000000e+06,6.205747488244340957e+02
4.627420000000000000e+06,6.201284387175642223e+02
4.628356000000000000e+06,6.194939535897894984e+02
4.629292000000000000e+06,6.187018943981770462e+02
4.630224000000000000e+06,6.177868127984279454e+02
4.631160000000000000e+06,6.167855829273934205e+02
4.632096000000000000e+06,6.157361504435175448e+02
4.633032000000000000e+06,6.146767479994549603e+02
4.633964000000000000e+06,6.136454841415155670e+02
4.634900000000000000e+06,6.126800394837697468e+02
4.635836000000000000e+06,6.118171207568219643e+02
4.636772000000000000e+06,6.110913731041172241e+02
4.637712000000000000e+06,6.105336163539500376e+02
4.638640000000000000e+06,6.101684901136667349e+02
4.639576000000000000e+06,6.100117940698677330e+02
4.640512000000000000e+06,6.100679396779662511e+02
4.641444000000000000e+06,6.103279636462382314e+02
4.642380000000000000e+06,6.107685016619544740e+02
4.643316000000000000e+06,6.113520135900843115e+02
4.644252000000000000e+06,6.120284179149795136e+02
4.645184000000000000e+06,6.127381450054908782e+02
4.646120000000000000e+06,6.134164550102954081e+02
4.647056000000000000e+06,6.139986907915456413e+02
4.647992000000000000e+06,6.144259703710804388e+02
4.648924000000000000e+06,6.146507022988865856e+02
4.649860000000000000e+06,6.146412657012402860e+02
4.650796000000000000e+06,6.143852539276925881e+02
4.651732000000000000e+06,6.138908354036982473e+02
4.652664000000000000e+06,6.131860149004556888e+02
4.653600000000000000e+06,6.123158426004124522e+02
4.654536000000000000e+06,6.113378720938869719e+02
4.655472000000000000e+06,6.103163793332732894e+02
4.656404000000000000e+06,6.093160069284717792e+02
4.657340000000000000e+06,6.083955796828706752e+02
4.658276000000000000e+06,6.076028259432420100e+02
4.659216000000000000e+06,6.069706120129991405e+02
4.660144000000000000e+06,6.065150567040464011e+02
4.661080000000000000e+06,6.062355881410011307e+02
4.662016000000000000e+06,6.061167146287150445e+02
4.662952000000000000e+06,6.061310792616641265e+02
4.663884000000000000e+06,6.062432907371547799e+02
4.664820000000000000e+06,6.064140638756282442e+02
4.665756000000000000e+06,6.066043217986954232e+02
4.666692000000000000e+06,6.067790452638494116e+02
4.667624000000000000e+06,6.069107384549020026e+02
4.668560000000000000e+06,6.069823757622492622e+02
4.669496000000000000e+06,6.069896123087911519e+02
4.670428000000000000e+06,6.069419434983332167e+02
4.671364000000000000e+06,6.068624659810550384e+02
4.672300000000000000e+06,6.067859794175335537e+02
4.673236000000000000e+06,6.067553769227358771e+02
4.674172000000000000e+06,6.068165554182692176e+02
4.675104000000000000e+06,6.070123689695142275e+02
4.676040000000000000e+06,6.073763855710130883e+02
4.676976000000000000e+06,6.079273369672451963e+02
4.677912000000000000e+06,6.086651308244935308e+02
4.678844000000000000e+06,6.095691087838930571e+02
4.679780000000000000e+06,6.105989029290185499e+02
4.680720000000000000e+06,6.116978240047839108e+02
4.681648000000000000e+06,6.127982926548017986e+02
4.682584000000000000e+06,6.138284980582653816e+02
4.683520000000000000e+06,6.147193203666015506e+02
4.684456000000000000e+06,6.154106200469713031e+02
4.685392000000000000e+06,6.158562447706379999e+02
4.686324000000000000e+06,6.160274359845108165e+02
4.687260000000000000e+06,6.159146104423826955e+02
4.688196000000000000e+06,6.155276544837385018e+02
4.689132000000000000e+06,6.148948842204410994e+02
4.690064000000000000e+06,6.140607569824677512e+02
4.691000000000000000e+06,6.130823703186235889e+02
4.691936000000000000e+06,6.120248343380138749e+02
4.692868000000000000e+06,6.109557685373965796e+02
4.693804000000000000e+06,6.099394047492893378e+02
4.694740000000000000e+06,6.090309791677852900e+02
4.695676000000000000e+06,6.082721742468169168e+02
4.696612000000000000e+06,6.076882742918865006e+02
4.697544000000000000e+06,6.072874379436553909e+02
4.698480000000000000e+06,6.070621303099735542e+02
4.699416000000000000e+06,6.069923876184464007e+02
4.700352000000000000e+06,6.070502947628676793e+02
4.701284000000000000e+06,6.072048981672478476e+02
4.702228000000000000e+06,6.074267697637959600e+02
4.703156000000000000e+06,6.076915671577351077e+02
4.704092000000000000e+06,6.079821650178192840e+02
4.705024000000000000e+06,6.082892130562885313e+02
4.705960000000000000e+06,6.086102480136756867e+02
4.706896000000000000e+06,6.089477025440567104e+02
4.707832000000000000e+06,6.093062898239696779e+02
4.708764000000000000e+06,6.096902944215765956e+02
4.709700000000000000e+06,6.101012648097745341e+02
4.710636000000000000e+06,6.105364811533613647e+02
4.711572000000000000e+06,6.109883839940322332e+02
4.712504000000000000e+06,6.114449427705762901e+02
4.713440000000000000e+06,6.118907748614408320e+02
4.714376000000000000e+06,6.123087333145070943e+02
4.715312000000000000e+06,6.126816662654676975e+02
4.716244000000000000e+06,6.129940888166288460e+02
4.717180000000000000e+06,6.132335702822833809e+02
4.718116000000000000e+06,6.133917063989665621e+02
4.719052000000000000e+06,6.134646067488506560e+02
4.719984000000000000e+06,6.134528796914016766e+02
4.720920000000000000e+06,6.133611455832186721e+02
4.721856000000000000e+06,6.131971608755627585e+02
4.722792000000000000e+06,6.129706909458633390e+02
4.723732000000000000e+06,6.126923190408140272e+02
4.724660000000000000e+06,6.123724079284985464e+02
4.725596000000000000e+06,6.120204243696809954e+02
4.726532000000000000e+06,6.116447820740544330e+02
4.727464000000000000e+06,6.112532535742769824e+02
4.728400000000000000e+06,6.108538592195379806e+02
4.729336000000000000e+06,6.104559954091515692e+02
4.730272000000000000e+06,6.100714597250464521e+02
4.731204000000000000e+06,6.097150089957204955e+02
4.732140000000000000e+06,6.094041671483332721e+02
4.733076000000000000e+06,6.091581714039076587e+02
4.734012000000000000e+06,6.089961641273654323e+02
4.734944000000000000e+06,6.089349369997030408e+02
4.735880000000000000e+06,6.089866506531910773e+02
4.736816000000000000e+06,6.091569582651835617e+02
4.737752000000000000e+06,6.094438756470386807e+02
4.738684000000000000e+06,6.098376101342041693e+02
4.739620000000000000e+06,6.103214232718257790e+02
4.740556000000000000e+06,6.108734646226744189e+02
4.741492000000000000e+06,6.114693652820009220e+02
4.742424000000000000e+06,6.120852239641606047e+02
4.743360000000000000e+06,6.127004925972012188e+02
4.744296000000000000e+06,6.133002251090539403e+02
4.745236000000000000e+06,6.138762264284457615e+02
4.746164000000000000e+06,6.144268234815580172e+02
4.747100000000000000e+06,6.149552387675357750e+02
4.748036000000000000e+06,6.154668277980453013e+02
4.748972000000000000e+06,6.159656891357356017e+02
4.749904000000000000e+06,6.164513184499854788e+02
4.750840000000000000e+06,6.169160153157520199e+02
4.751776000000000000e+06,6.173436419860680644e+02
4.752712000000000000e+06,6.177100829009199288e+02
4.753644000000000000e+06,6.179854036573468647e+02
4.754580000000000000e+06,6.181373396559928324e+02
4.755516000000000000e+06,6.181354638394544736e+02
4.756452000000000000e+06,6.179552789460597069e+02
4.757384000000000000e+06,6.175815770638085951e+02
4.758320000000000000e+06,6.170106553842844050e+02
4.759256000000000000e+06,6.162512735837747186e+02
4.760192000000000000e+06,6.153244857778595360e+02
4.761124000000000000e+06,6.142626110012895424e+02
4.762060000000000000e+06,6.131076056704055190e+02
4.762996000000000000e+06,6.119090110660255277e+02
4.763932000000000000e+06,6.107215430355589660e+02
4.764864000000000000e+06,6.096023358292505918e+02
4.765800000000000000e+06,6.086078739029807139e+02
4.766740000000000000e+06,6.077907274895291039e+02
4.767668000000000000e+06,6.071963052624554393e+02
4.768604000000000000e+06,6.068599031895332701e+02
4.769540000000000000e+06,6.068043314471907479e+02
4.770476000000000000e+06,6.070383317095490838e+02
4.771412000000000000e+06,6.075558682636149115e+02
4.772344000000000000e+06,6.083362257690120032e+02
4.773280000000000000e+06,6.093447301823371163e+02
4.774216000000000000e+06,6.105338798742759536e+02
4.775152000000000000e+06,6.118447532917521130e+02
4.776084000000000000e+06,6.132087239210770804e+02
4.777020000000000000e+06,6.145496960433214326e+02
4.777956000000000000e+06,6.157871881125838627e+02
4.778892000000000000e+06,6.168405615072786077e+02
4.779824000000000000e+06,6.176344953397427844e+02
4.780760000000000000e+06,6.181054778999107384e+02
4.781696000000000000e+06,6.182087062146855487e+02
4.782632000000000000e+06,6.179244624801999635e+02
4.783564000000000000e+06,6.172628663749705993e+02
4.784500000000000000e+06,6.162659519672005217e+02
4.785436000000000000e+06,6.150063094993535060e+02
4.786372000000000000e+06,6.135820294568499094e+02
4.787304000000000000e+06,6.121082851045904363e+02
4.788244000000000000e+06,6.107064407222293312e+02
4.789176000000000000e+06,6.094919420786061437e+02
4.790112000000000000e+06,6.085623776485701910e+02
4.791044000000000000e+06,6.079870320151549095e+02
4.791980000000000000e+06,6.077990743716507041e+02
4.792916000000000000e+06,6.079913010488969576e+02
4.793852000000000000e+06,6.085160822403522616e+02
4.794784000000000000e+06,6.092898017982854526e+02
4.795720000000000000e+06,6.102015920460993357e+02
4.796656000000000000e+06,6.111255895780467426e+02
4.797592000000000000e+06,6.119353799218121139e+02
4.798524000000000000e+06,6.125188881257222420e+02
4.799460000000000000e+06,6.127918084617593877e+02
4.800396000000000000e+06,6.127077942605609451e+02
4.801332000000000000e+06,6.122640360531934220e+02
4.802264000000000000e+06,6.115014787930405191e+02
4.803200000000000000e+06,6.104996634317421922e+02
4.804136000000000000e+06,6.093669041441219179e+02
4.805072000000000000e+06,6.082271212063516259e+02
4.806004000000000000e+06,6.072050639375531773e+02
4.806940000000000000e+06,6.064118353129481420e+02
4.807876000000000000e+06,6.059325510629630571e+02
4.808812000000000000e+06,6.058176347958344650e+02
4.809748000000000000e+06,6.060787070003618737e+02
4.810680000000000000e+06,6.066893550452620048e+02
4.811616000000000000e+06,6.075903866212141793e+02
4.812552000000000000e+06,6.086985802316746685e+02
4.813484000000000000e+06,6.099175389242451502e+02
4.814420000000000000e+06,6.111490806050269384e+02
4.815356000000000000e+06,6.123036735778574666e+02
4.816292000000000000e+06,6.133087172751637581e+02
4.817224000000000000e+06,6.141139033386297115e+02
4.818160000000000000e+06,6.146933804853683796e+02
4.819096000000000000e+06,6.150449035836246594e+02
4.820032000000000000e+06,6.151865091394585079e+02
4.820964000000000000e+06,6.151514865543446149e+02
4.821900000000000000e+06,6.149824957200927429e+02
4.822836000000000000e+06,6.147256355657982567e+02
4.823772000000000000e+06,6.144251357936401519e+02
4.824704000000000000e+06,6.141191684032404510e+02
4.825640000000000000e+06,6.138370829065113412e+02
4.826576000000000000e+06,6.135981664714100816e+02
4.827512000000000000e+06,6.134118249471371200e+02
4.828444000000000000e+06,6.132788994106748532e+02
4.829380000000000000e+06,6.131937155081349147e+02
4.830316000000000000e+06,6.131464378005906610e+02
4.831252000000000000e+06,6.131253669452202075e+02
4.832184000000000000e+06,6.131189423043999795e+02
4.833120000000000000e+06,6.131173471056052904e+02
4.834056000000000000e+06,6.131137088971619278e+02
4.834992000000000000e+06,6.131049189757787872e+02
4.835924000000000000e+06,6.130920720659327117e+02
4.836860000000000000e+06,6.130804916895174301e+02
4.837796000000000000e+06,6.130792968981971853e+02
4.838732000000000000e+06,6.131004963908667378e+02
4.839664000000000000e+06,6.131576548113041554e+02
4.840600000000000000e+06,6.132642442940505134e+02
4.841536000000000000e+06,6.134318583620788559e+02
4.842468000000000000e+06,6.136685122777814740e+02
4.843404000000000000e+06,6.139772656236311832e+02
4.844340000000000000e+06,6.143553613578073964e+02
4.845276000000000000e+06,6.147939780788453845e+02
4.846212000000000000e+06,6.152785625411517003e+02
4.847144000000000000e+06,6.157895954558930498e+02
4.848080000000000000e+06,6.163035955184366230e+02
4.849016000000000000e+06,6.167942062730286352e+02
4.849952000000000000e+06,6.172333143025757636e+02
4.850884000000000000e+06,6.175922567730696073e+02
4.851820000000000000e+06,6.178432298626916008e+02
4.852756000000000000e+06,6.179609766597593534e+02
4.853692000000000000e+06,6.179247298957195653e+02
4.854624000000000000e+06,6.177202592772569005e+02
4.855560000000000000e+06,6.173417722017862843e+02
4.856496000000000000e+06,6.167933644839972658e+02
4.857432000000000000e+06,6.160897218051271693e+02
4.858364000000000000e+06,6.152558416790261617e+02
4.859300000000000000e+06,6.143256877316374585e+02
4.860236000000000000e+06,6.133398849510961099e+02
4.861172000000000000e+06,6.123427600088904228e+02
4.862104000000000000e+06,6.113791556113261549e+02
4.863040000000000000e+06,6.104914613282268192e+02
4.863976000000000000e+06,6.097172112244520576e+02
4.864912000000000000e+06,6.090874383386666295e+02
4.865844000000000000e+06,6.086257929244986826e+02
4.866780000000000000e+06,6.083482690278171958e+02
4.867716000000000000e+06,6.082632849613665940e+02
4.868652000000000000e+06,6.083718611487879571e+02
4.869584000000000000e+06,6.086677387526814300e+02
4.870520000000000000e+06,6.091374475578037391e+02
4.871456000000000000e+06,6.097604929190962366e+02
4.872392000000000000e+06,6.105099195202168403e+02
4.873324000000000000e+06,6.113534839053563701e+02
4.874260000000000000e+06,6.122555288853493494e+02
4.875196000000000000e+06,6.131794387699932258e+02
4.876132000000000000e+06,6.140903304870275861e+02
4.877064000000000000e+06,6.149574785362516423e+02
4.878000000000000000e+06,6.157559439605523721e+02
4.878936000000000000e+06,6.164670065835350670e+02
4.879872000000000000e+06,6.170772689075853350e+02
4.880804000000000000e+06,6.175766484597661474e+02
4.881740000000000000e+06,6.179558090138316402e+02
4.882676000000000000e+06,6.182037975150152533e+02
4.883612000000000000e+06,6.183066724957952829e+02
4.884544000000000000e+06,6.182477007413727961e+02
4.885480000000000000e+06,6.180093014599804064e+02
4.886416000000000000e+06,6.175764427141418764e+02
4.887352000000000000e+06,6.169407913525353706e+02
4.888284000000000000e+06,6.161047042462404306e+02
4.889220000000000000e+06,6.150841651612591932e+02
4.890156000000000000e+06,6.139099805651435418e+02
4.891092000000000000e+06,6.126268750136962353e+02
4.892024000000000000e+06,6.112905000405934288e+02
4.892960000000000000e+06,6.099627311705169177e+02
4.893896000000000000e+06,6.087059256555634192e+02
4.894832000000000000e+06,6.075770031437795069e+02
4.895764000000000000e+06,6.066222591260116133e+02
4.896700000000000000e+06,6.058737146183144660e+02
4.897636000000000000e+06,6.053475533278470948e+02
4.898572000000000000e+06,6.050448243643343176e+02
4.899504000000000000e+06,6.049541462907633331e+02
4.900440000000000000e+06,6.050557283036546323e+02
4.901376000000000000e+06,6.053257415658367790e+02
4.902312000000000000e+06,6.057400219002014410e+02
4.903244000000000000e+06,6.062762947853003652e+02
4.904180000000000000e+06,6.069145373071037284e+02
4.905116000000000000e+06,6.076356161948498311e+02
4.906052000000000000e+06,6.084188208715528390e+02
4.906984000000000000e+06,6.092392130729057271e+02
4.907920000000000000e+06,6.100657620393654952e+02
4.908856000000000000e+06,6.108610253666779499e+02
4.909792000000000000e+06,6.115827399867832810e+02
4.910724000000000000e+06,6.121872165428799235e+02
4.911660000000000000e+06,6.126340008129105854e+02
4.912596000000000000e+06,6.128909734096448574e+02
4.913532000000000000e+06,6.129389572630092289e+02
4.914464000000000000e+06,6.127749915314808504e+02
4.915400000000000000e+06,6.124136663278604829e+02
4.916336000000000000e+06,6.118862337631646824e+02
4.917272000000000000e+06,6.112375622548705678e+02
4.918204000000000000e+06,6.105213357813194079e+02
4.919140000000000000e+06,6.097941700526733939e+02
4.920076000000000000e+06,6.091094771012953970e+02
4.921012000000000000e+06,6.085119302460749395e+02
4.921944000000000000e+06,6.080332669764453613e+02
4.922880000000000000e+06,6.076899518864850052e+02
4.923816000000000000e+06,6.074829493324075429e+02
4.924752000000000000e+06,6.073995612700434776e+02
4.925684000000000000e+06,6.074169976204373143e+02
4.926620000000000000e+06,6.075071021330074927e+02
4.927556000000000000e+06,6.076415058684998485e+02
4.928492000000000000e+06,6.077964574669068725e+02
4.929424000000000000e+06,6.079566748244970995e+02
4.930360000000000000e+06,6.081177302030864666e+02
4.931296000000000000e+06,6.082866723826301723e+02
4.932232000000000000e+06,6.084807843160887160e+02
4.933164000000000000e+06,6.087245774006361216e+02
4.934100000000000000e+06,6.090453420208830266e+02
4.935036000000000000e+06,6.094677983123026479e+02
4.935972000000000000e+06,6.100085840338527987e+02
4.936904000000000000e+06,6.106714225719197202e+02
4.937840000000000000e+06,6.114437848553669710e+02
4.938776000000000000e+06,6.122956804263875483e+02
4.939708000000000000e+06,6.131809133437952823e+02
4.940644000000000000e+06,6.140407718887689725e+02
4.941580000000000000e+06,6.148097473349637312e+02
4.942516000000000000e+06,6.154225556519509155e+02
4.943452000000000000e+06,6.158215226338786579e+02
4.944384000000000000e+06,6.159633297886159653e+02
4.945320000000000000e+06,6.158242198191275065e+02
4.946256000000000000e+06,6.154030048959216401e+02
4.947192000000000000e+06,6.147215550946066287e+02
4.948124000000000000e+06,6.138228022391625700e+02
4.949060000000000000e+06,6.127666177257693789e+02
4.949996000000000000e+06,6.116241716197412188e+02
4.950932000000000000e+06,6.104715301193575669e+02
4.951864000000000000e+06,6.093832854963428645e+02
4.952800000000000000e+06,6.084269334087717880e+02
4.953736000000000000e+06,6.076585304978011663e+02
4.954672000000000000e+06,6.071199178106393219e+02
4.955604000000000000e+06,6.068375397466413688e+02
4.956540000000000000e+06,6.068226785416469511e+02
4.957476000000000000e+06,6.070727884473318454e+02
4.958412000000000000e+06,6.075735478374581362e+02
4.959344000000000000e+06,6.083012338003271680e+02
4.960280000000000000e+06,6.092250501339025277e+02
4.961216000000000000e+06,6.103091040514814267e+02
4.962152000000000000e+06,6.115138297376494165e+02
4.963084000000000000e+06,6.127967900618533577e+02
4.964020000000000000e+06,6.141129310603423619e+02
4.964956000000000000e+06,6.154144939542967450e+02
4.965892000000000000e+06,6.166508916521761421e+02
4.966824000000000000e+06,6.177689226347205249e+02
4.967760000000000000e+06,6.187137098295879696e+02
4.968696000000000000e+06,6.194306887820687280e+02
4.969632000000000000e+06,6.198688055648065074e+02
4.970564000000000000e+06,6.199848277634278020e+02
4.971500000000000000e+06,6.197483690824893756e+02
4.972436000000000000e+06,6.191469513281749641e+02
4.973372000000000000e+06,6.181902456470105562e+02
4.974304000000000000e+06,6.169125976969702378e+02
4.975240000000000000e+06,6.153730762046261589e+02
4.976176000000000000e+06,6.136525940809428903e+02
4.977112000000000000e+06,6.118481059133729332e+02
4.978044000000000000e+06,6.100644107991183773e+02
4.978980000000000000e+06,6.084045689915818684e+02
4.979916000000000000e+06,6.069602488996341663e+02
4.980852000000000000e+06,6.058033728138753986e+02
4.981784000000000000e+06,6.049802168461750398e+02
4.982720000000000000e+06,6.045087074479399689e+02
4.983656000000000000e+06,6.043791475439436454e+02
4.984592000000000000e+06,6.045581056959075568e+02
4.985524000000000000e+06,6.049947941770057014e+02
4.986460000000000000e+06,6.056289912243157687e+02
4.987396000000000000e+06,6.063994319882441459e+02
4.988332000000000000e+06,6.072515762774802397e+02
4.989264000000000000e+06,6.081437363883368334e+02
4.990200000000000000e+06,6.090507203966872112e+02
4.991136000000000000e+06,6.099644399319663535e+02
4.992072000000000000e+06,6.108913511584282787e+02
4.993004000000000000e+06,6.118470927568232582e+02
4.993940000000000000e+06,6.128491537443101151e+02
4.994876000000000000e+06,6.139087407193015906e+02
4.995812000000000000e+06,6.150231577676944426e+02
4.996744000000000000e+06,6.161699615049979002e+02
4.997680000000000000e+06,6.173039418535128107e+02
4.998616000000000000e+06,6.183576436163198196e+02
4.999552000000000000e+06,6.192457163430957507e+02
5.000484000000000000e+06,6.198728928796474520e+02
5.001420000000000000e+06,6.201448910761566822e+02
5.002356000000000000e+06,6.199810581126531588e+02
5.003292000000000000e+06,6.193271887274604524e+02
5.004224000000000000e+06,6.181667091463340284e+02
5.005160000000000000e+06,6.165283984663350338e+02
5.006096000000000000e+06,6.144890936391657306e+02
5.007032000000000000e+06,6.121704400863676483e+02
5.007964000000000000e+06,6.097296650953085191e+02
5.008900000000000000e+06,6.073453871268715147e+02
5.009836000000000000e+06,6.052003483435987619e+02
5.010772000000000000e+06,6.034634048271059328e+02
5.011704000000000000e+06,6.022730214079330153e+02
5.012640000000000000e+06,6.017240058138962695e+02
5.013576000000000000e+06,6.018585433544125181e+02
5.014512000000000000e+06,6.026620241045085322e+02
5.015444000000000000e+06,6.040638114881242018e+02
5.016380000000000000e+06,6.059429137688663332e+02
5.017316000000000000e+06,6.081383031803819676e+02
5.018252000000000000e+06,6.104632314499664290e+02
5.019184000000000000e+06,6.127223207241188447e+02
5.020120000000000000e+06,6.147296385439570940e+02
5.021056000000000000e+06,6.163256356239178331e+02
5.021992000000000000e+06,6.173909037037055896e+02
5.022924000000000000e+06,6.178552056350066550e+02
5.023860000000000000e+06,6.177010010618769229e+02
5.024796000000000000e+06,6.169615295692487962e+02
5.025728000000000000e+06,6.157142273866696769e+02
5.026664000000000000e+06,6.140707249252963038e+02
5.027600000000000000e+06,6.121648691593519516e+02
5.028536000000000000e+06,6.101401731056441804e+02
5.029472000000000000e+06,6.081378845093692007e+02
5.030404000000000000e+06,6.062865665666068935e+02
5.031340000000000000e+06,6.046937698875360638e+02
5.032276000000000000e+06,6.034401045025684880e+02
5.033212000000000000e+06,6.025758204173665717e+02
5.034144000000000000e+06,6.021198663452576056e+02
5.035080000000000000e+06,6.020612847372531178e+02
5.036016000000000000e+06,6.023626823967349537e+02
5.036948000000000000e+06,6.029653828130087732e+02
5.037884000000000000e+06,6.037957482638847750e+02
5.038820000000000000e+06,6.047720983663854213e+02
5.039756000000000000e+06,6.058116642730897183e+02
5.040692000000000000e+06,6.068370818339681136e+02
5.041624000000000000e+06,6.077819992407604559e+02
5.042560000000000000e+06,6.085954245916170748e+02
5.043496000000000000e+06,6.092444738333272198e+02
5.044432000000000000e+06,6.097152414082636369e+02
5.045364000000000000e+06,6.100116508109888400e+02
5.046300000000000000e+06,6.101523663483925475e+02
5.047236000000000000e+06,6.101661328223229930e+02
5.048168000000000000e+06,6.100861940680957787e+02
5.049104000000000000e+06,6.099446450611699220e+02
5.050040000000000000e+06,6.097676199106747390e+02
5.050976000000000000e+06,6.095720672601894421e+02
5.051912000000000000e+06,6.093645394573616159e+02
5.052844000000000000e+06,6.091420166009154400e+02
5.053780000000000000e+06,6.088944230363342740e+02
5.054716000000000000e+06,6.086082580217062059e+02
5.055652000000000000e+06,6.082706675900421942e+02
5.056584000000000000e+06,6.078732894466669450e+02
5.057520000000000000e+06,6.074152654453922651e+02
5.058456000000000000e+06,6.069049362557785798e+02
5.059392000000000000e+06,6.063599376448878502e+02
5.060324000000000000e+06,6.058057115457079362e+02
5.061260000000000000e+06,6.052727734572195004e+02
5.062196000000000000e+06,6.047933413099398194e+02
5.063132000000000000e+06,6.043980354784669089e+02
5.064064000000000000e+06,6.041132664303714819e+02
5.065000000000000000e+06,6.039596719969970309e+02
5.065936000000000000e+06,6.039516443651365307e+02
5.066872000000000000e+06,6.040977083924085491e+02
5.067804000000000000e+06,6.044013589466392204e+02
5.068740000000000000e+06,6.048619535771052824e+02
5.069676000000000000e+06,6.054753441826956077e+02
5.070612000000000000e+06,6.062340521100409205e+02
5.071544000000000000e+06,6.071269031986543041e+02
5.072480000000000000e+06,6.081381365056407731e+02
5.073416000000000000e+06,6.092460943031405805e+02
5.074352000000000000e+06,6.104217002615592946e+02
5.075284000000000000e+06,6.116270377326800372e+02
5.076220000000000000e+06,6.128144421634223136e+02
5.077156000000000000e+06,6.139265974452372348e+02
5.078088000000000000e+06,6.148981325790920209e+02
5.079024000000000000e+06,6.156591020037849376e+02
5.079960000000000000e+06,6.161404689368501977e+02
5.080896000000000000e+06,6.162813095330994884e+02
5.081832000000000000e+06,6.160369863110553297e+02
5.082764000000000000e+06,6.153871184402584049e+02
5.083700000000000000e+06,6.143419350581217486e+02
5.084636000000000000e+06,6.129456379263658619e+02
5.085572000000000000e+06,6.112757583560373860e+02
5.086504000000000000e+06,6.094381244201468917e+02
5.087440000000000000e+06,6.075578323321088874e+02
5.088376000000000000e+06,6.057673602483948798e+02
5.089312000000000000e+06,6.041934849633199747e+02
5.090244000000000000e+06,6.029448242472981292e+02
5.091180000000000000e+06,6.021015997344437665e+02
5.092116000000000000e+06,6.017086992705769717e+02
5.093052000000000000e+06,6.017725099607283710e+02
5.093984000000000000e+06,6.022614903158851121e+02
5.094920000000000000e+06,6.031101504446455692e+02
5.095856000000000000e+06,6.042259744622363087e+02
5.096792000000000000e+06,6.054987192656034267e+02
5.097724000000000000e+06,6.068113422308066447e+02
5.098660000000000000e+06,6.080515382903057571e+02
5.099596000000000000e+06,6.091226166528682597e+02
5.100528000000000000e+06,6.099523777855582694e+02
5.101464000000000000e+06,6.104988627142299720e+02
5.102400000000000000e+06,6.107523219947038342e+02
5.103336000000000000e+06,6.107333699456647764e+02
5.104272000000000000e+06,6.104878890019410846e+02
5.105204000000000000e+06,6.100796925123471510e+02
5.106140000000000000e+06,6.095821682022099139e+02
5.107076000000000000e+06,6.090701010598634184e+02
5.108012000000000000e+06,6.086126536024336247e+02
5.108944000000000000e+06,6.082681327155180497e+02
5.109880000000000000e+06,6.080807814198518599e+02
5.110816000000000000e+06,6.080794853198316332e+02
5.111752000000000000e+06,6.082780348480425801e+02
5.112684000000000000e+06,6.086764521324673751e+02
5.113620000000000000e+06,6.092628601476957328e+02
5.115492000000000000e+06,6.100154191399160482e+02
5.116424000000000000e+06,6.109039663236088700e+02
5.117360000000000000e+06,6.118911581189273647e+02
5.118296000000000000e+06,6.129331096316745970e+02
5.119232000000000000e+06,6.139797219639940522e+02
5.120164000000000000e+06,6.149750481418469690e+02
5.121100000000000000e+06,6.158581383437469867e+02
5.122036000000000000e+06,6.165647936397448348e+02
5.122972000000000000e+06,6.170305251496428127e+02
5.123904000000000000e+06,6.171947714348574436e+02
5.124840000000000000e+06,6.170061193108704174e+02
5.125776000000000000e+06,6.164279801050359993e+02
5.126712000000000000e+06,6.154439760600732825e+02
5.127644000000000000e+06,6.140622448670130780e+02
5.128580000000000000e+06,6.123179812819620338e+02
5.129516000000000000e+06,6.102737619564263696e+02
5.130452000000000000e+06,6.080174751240964497e+02
5.131384000000000000e+06,6.056579375499205753e+02
5.132320000000000000e+06,6.033184906311830673e+02
5.133256000000000000e+06,6.011290217428111191e+02
5.134192000000000000e+06,5.992169751780926390e+02
5.135124000000000000e+06,5.976980193657145719e+02
5.136060000000000000e+06,5.966671208476624315e+02
5.136996000000000000e+06,5.961908132982113102e+02
5.137932000000000000e+06,5.963014107410903080e+02
5.138864000000000000e+06,5.969937845613903846e+02
5.139800000000000000e+06,5.982251094758847785e+02
5.140736000000000000e+06,5.999177014485934478e+02
5.141672000000000000e+06,6.019647490035040391e+02
5.142604000000000000e+06,6.042384224420998180e+02
5.143540000000000000e+06,6.065995878888941206e+02
5.144476000000000000e+06,6.089082028278677399e+02
5.145412000000000000e+06,6.110334478454489044e+02
5.146344000000000000e+06,6.128627413518295270e+02
5.147280000000000000e+06,6.143089513622112463e+02
5.148216000000000000e+06,6.153153205486852357e+02
5.149152000000000000e+06,6.158578319585877807e+02
5.150084000000000000e+06,6.159449519496903349e+02
5.151020000000000000e+06,6.156148899847821667e+02
5.151956000000000000e+06,6.149307096776275330e+02
5.152892000000000000e+06,6.139738057290056759e+02
5.153824000000000000e+06,6.128364090525725487e+02
5.154760000000000000e+06,6.116138659118564647e+02
5.155696000000000000e+06,6.103974241265741512e+02
5.156632000000000000e+06,6.092681388053666751e+02
5.157564000000000000e+06,6.082923039676650205e+02
5.158500000000000000e+06,6.075185760776986399e+02
5.159436000000000000e+06,6.069767418930988470e+02
5.160372000000000000e+06,6.066779435909329550e+02
5.161304000000000000e+06,6.066161235063682398e+02
5.162240000000000000e+06,6.067704648484714198e+02
5.163176000000000000e+06,6.071086354496736703e+02
5.164112000000000000e+06,6.075906449713446591e+02
5.165044000000000000e+06,6.081730835575373249e+02
5.165980000000000000e+06,6.088134334626447526e+02
5.166916000000000000e+06,6.094740674898828274e+02
5.167852000000000000e+06,6.101255068411808224e+02
5.168784000000000000e+06,6.107485333870833983e+02
5.169720000000000000e+06,6.113348475092147964e+02
5.170656000000000000e+06,6.118861281472470637e+02
5.171592000000000000e+06,6.124115705905585401e+02
5.172524000000000000e+06,6.129242198437948446e+02
5.173460000000000000e+06,6.134366378632017813e+02
5.174396000000000000e+06,6.139565914896239747e+02
5.175332000000000000e+06,6.144834858495412391e+02
5.176264000000000000e+06,6.150061782703384097e+02
5.177200000000000000e+06,6.155025977528042631e+02
5.178136000000000000e+06,6.159412982803038403e+02
5.179072000000000000e+06,6.162847478508329004e+02
5.180940000000000000e+06,6.164938669791413304e+02
5.181876000000000000e+06,6.165331388980772545e+02
5.182812000000000000e+06,6.163755495483271716e+02
5.183744000000000000e+06,6.160066750933177673e+02
5.184680000000000000e+06,6.154273888007804771e+02
5.185616000000000000e+06,6.146548694711646021e+02
5.186552000000000000e+06,6.137218241719644993e+02
5.187484000000000000e+06,6.126740562510452719e+02
5.188420000000000000e+06,6.115666874992226667e+02
5.189356000000000000e+06,6.104594659943055603e+02
5.190292000000000000e+06,6.094116626461274109e+02
5.191224000000000000e+06,6.084770930134560558e+02
5.192160000000000000e+06,6.076997989726146443e+02
5.193096000000000000e+06,6.071108705770201368e+02
5.194032000000000000e+06,6.067267605705663982e+02
5.194964000000000000e+06,6.065492399981230847e+02
5.195900000000000000e+06,6.065668924454425905e+02
5.196836000000000000e+06,6.067578028784720345e+02
5.197768000000000000e+06,6.070929288362109446e+02
5.198704000000000000e+06,6.075395917685050335e+02
5.199640000000000000e+06,6.080645989049664877e+02
5.200576000000000000e+06,6.086366632471548428e+02
5.201512000000000000e+06,6.092279713259765686e+02
5.202444000000000000e+06,6.098149029940007040e+02
5.203380000000000000e+06,6.103780105209243629e+02
5.204316000000000000e+06,6.109014214839891110e+02
5.205252000000000000e+06,6.113718640402837536e+02
5.206184000000000000e+06,6.117775448123021533e+02
5.207120000000000000e+06,6.121071407375751505e+02
5.208056000000000000e+06,6.123491735171387518e+02
5.208992000000000000e+06,6.124919844048268942e+02
5.209924000000000000e+06,6.125244034357161809e+02
5.210860000000000000e+06,6.124370373807767010e+02
5.211796000000000000e+06,6.122239427626210500e+02
5.212732000000000000e+06,6.118843607597513028e+02
5.213664000000000000e+06,6.114241941139983965e+02
5.214600000000000000e+06,6.108569832909109891e+02
5.215536000000000000e+06,6.102042415199114203e+02
5.216472000000000000e+06,6.094950899038111629e+02
5.217404000000000000e+06,6.087651805626821897e+02
5.218340000000000000e+06,6.080549273925514626e+02
5.219276000000000000e+06,6.074071064178747292e+02
5.220212000000000000e+06,6.068639468365449829e+02
5.221144000000000000e+06,6.064638961143967890e+02
5.222080000000000000e+06,6.062382942374290451e+02
5.223016000000000000e+06,6.062082313285226292e+02
5.223952000000000000e+06,6.063818907568405621e+02
5.224884000000000000e+06,6.067526884888134191e+02
5.225820000000000000e+06,6.072984922563475720e+02
5.226756000000000000e+06,6.079821328437858483e+02
5.227692000000000000e+06,6.087533155611251914e+02
5.228624000000000000e+06,6.095519223373089517e+02
5.229560000000000000e+06,6.103125705591479573e+02
5.230496000000000000e+06,6.109701548906575681e+02
5.231432000000000000e+06,6.114659396789083985e+02
5.232364000000000000e+06,6.117536147474496602e+02
5.233300000000000000e+06,6.118046211550154112e+02
5.234236000000000000e+06,6.116120405012507035e+02
5.235172000000000000e+06,6.111924439656472714e+02
5.236104000000000000e+06,6.105853084596805047e+02
5.237040000000000000e+06,6.098498995708351913e+02
5.237976000000000000e+06,6.090598566503016400e+02
5.238912000000000000e+06,6.082960458020403394e+02
5.239844000000000000e+06,6.076385102958910238e+02
5.240780000000000000e+06,6.071584845359877818e+02
5.241716000000000000e+06,6.069114126598429948e+02
5.242652000000000000e+06,6.069317347493271200e+02
5.243584000000000000e+06,6.072299211436733231e+02
5.244520000000000000e+06,6.077919171883625040e+02
5.246392000000000000e+06,6.085808712493176245e+02
5.247324000000000000e+06,6.095407992933431842e+02
5.248260000000000000e+06,6.106017000048855152e+02
5.249196000000000000e+06,6.116855601979950734e+02
5.250132000000000000e+06,6.127126610639586488e+02
5.251064000000000000e+06,6.136076077953044887e+02
5.252000000000000000e+06,6.143045728410162383e+02
5.252936000000000000e+06,6.147513785693055297e+02
5.253872000000000000e+06,6.149122357208478888e+02
5.254804000000000000e+06,6.147691591997228215e+02
5.255740000000000000e+06,6.143222506356759141e+02
5.256676000000000000e+06,6.135891259529063291e+02
5.257612000000000000e+06,6.126037596952145350e+02
5.258544000000000000e+06,6.114149316176540196e+02
5.259480000000000000e+06,6.100843351999171773e+02
5.260416000000000000e+06,6.086842882370534653e+02
5.261352000000000000e+06,6.072949077367632071e+02
5.262284000000000000e+06,6.060005964460465293e+02
5.263220000000000000e+06,6.048857473252696764e+02
5.264156000000000000e+06,6.040297022040826960e+02
5.265092000000000000e+06,6.035011784331844638e+02
5.266024000000000000e+06,6.033525616709539463e+02
5.266960000000000000e+06,6.036146087481084805e+02
5.267896000000000000e+06,6.042921777698040842e+02
5.268832000000000000e+06,6.053615890627719409e+02
5.269764000000000000e+06,6.067701227731818108e+02
5.270700000000000000e+06,6.084379855617431758e+02
5.271636000000000000e+06,6.102628395936806101e+02
5.272572000000000000e+06,6.121266987285092682e+02
5.273504000000000000e+06,6.139046925999853102e+02
5.274440000000000000e+06,6.154749280661269495e+02
5.275376000000000000e+06,6.167284908875866449e+02
5.276312000000000000e+06,6.175785650789088095e+02
5.277244000000000000e+06,6.179677146027165691e+02
5.278180000000000000e+06,6.178725604388720285e+02
5.279116000000000000e+06,6.173053699948137591e+02
5.280052000000000000e+06,6.163124218050918444e+02
5.280984000000000000e+06,6.149693747958353924e+02
5.281920000000000000e+06,6.133742060724811154e+02
5.282856000000000000e+06,6.116385272269048983e+02
5.283788000000000000e+06,6.098782028087586013e+02
5.284724000000000000e+06,6.082041678715212356e+02
5.285660000000000000e+06,6.067142091709018814e+02
5.286596000000000000e+06,6.054862956011776305e+02
5.287532000000000000e+06,6.045738695226542632e+02
5.288464000000000000e+06,6.040033646945752253e+02
5.289400000000000000e+06,6.037740899217104698e+02
5.290336000000000000e+06,6.038604804114141871e+02
5.291272000000000000e+06,6.042165387918203123e+02
5.292204000000000000e+06,6.047820532017797177e+02
5.293140000000000000e+06,6.054899186211142705e+02
5.294076000000000000e+06,6.062736663852456331e+02
5.295012000000000000e+06,6.070742063570270375e+02
5.295944000000000000e+06,6.078448639226492105e+02
5.296880000000000000e+06,6.085540570409131078e+02
5.297816000000000000e+06,6.091853602661959712e+02
5.298752000000000000e+06,6.097351563132115189e+02
5.299684000000000000e+06,6.102084784356416094e+02
5.300620000000000000e+06,6.106139101551574413e+02
5.301556000000000000e+06,6.109584876340545634e+02
5.302492000000000000e+06,6.112434552502214729e+02
5.303424000000000000e+06,6.114615132436362046e+02
5.304360000000000000e+06,6.115959404394951662e+02
5.305296000000000000e+06,6.116217282797739472e+02
5.306228000000000000e+06,6.115086363799142646e+02
5.307164000000000000e+06,6.112258540584242610e+02
5.308100000000000000e+06,6.107477110149092141e+02
5.309036000000000000e+06,6.100596483452162602e+02
5.309972000000000000e+06,6.091635065041741655e+02
5.310904000000000000e+06,6.080811851323375095e+02
5.311840000000000000e+06,6.068559173428636768e+02
5.312776000000000000e+06,6.055507534809645449e+02
5.313712000000000000e+06,6.042442909226653001e+02
5.314644000000000000e+06,6.030241185999093432e+02
5.315580000000000000e+06,6.019787785423326341e+02
5.316516000000000000e+06,6.011892306862827127e+02
5.317448000000000000e+06,6.007208392404415918e+02
5.318384000000000000e+06,6.006168086873434504e+02
5.319320000000000000e+06,6.008938156093770431e+02
5.320256000000000000e+06,6.015403251919805143e+02
5.321192000000000000e+06,6.025177623707684234e+02
5.322124000000000000e+06,6.037643584554516565e+02
5.323060000000000000e+06,6.052011669665466798e+02
5.323996000000000000e+06,6.067394946119428596e+02
5.324932000000000000e+06,6.082888655692668181e+02
5.325864000000000000e+06,6.097646414159211190e+02
5.326800000000000000e+06,6.110945387762958489e+02
5.327736000000000000e+06,6.122234861527919065e+02
5.328672000000000000e+06,6.131164966753087811e+02
5.329604000000000000e+06,6.137594649080384670e+02
5.330540000000000000e+06,6.141579974585367836e+02
5.331476000000000000e+06,6.143345496693169707e+02
5.332412000000000000e+06,6.143242666400184362e+02
5.333344000000000000e+06,6.141700237349223244e+02
5.334280000000000000e+06,6.139172361395835651e+02
5.335216000000000000e+06,6.136090543675979916e+02
5.336152000000000000e+06,6.132825555558474662e+02
5.337084000000000000e+06,6.129664337599947430e+02
5.338020000000000000e+06,6.126804542771423030e+02
5.338956000000000000e+06,6.124365864369844985e+02
5.339892000000000000e+06,6.122413495189489367e+02
5.340824000000000000e+06,6.120986182745740507e+02
5.341760000000000000e+06,6.120120446975321329e+02
5.342696000000000000e+06,6.119864048301240018e+02
5.343632000000000000e+06,6.120275303653409082e+02
5.344564000000000000e+06,6.121409173128305383e+02
5.345500000000000000e+06,6.123294741760249735e+02
5.346436000000000000e+06,6.125910719044674124e+02
5.347372000000000000e+06,6.129165576195256335e+02
5.348304000000000000e+06,6.132887401063831021e+02
5.349240000000000000e+06,6.136826297160043850e+02
5.350176000000000000e+06,6.140669900954995910e+02
5.351112000000000000e+06,6.144070685567922965e+02
5.352044000000000000e+06,6.146682152794822969e+02
5.352980000000000000e+06,6.148199631133031744e+02
5.353916000000000000e+06,6.148400145180891059e+02
5.354852000000000000e+06,6.147174962351001568e+02
5.355784000000000000e+06,6.144548504659454693e+02
5.356720000000000000e+06,6.140678846581668040e+02
5.357656000000000000e+06,6.135838051517782787e+02
5.358592000000000000e+06,6.130374536319704930e+02
5.359524000000000000e+06,6.124663469779154639e+02
5.360460000000000000e+06,6.119053861990630594e+02
5.361396000000000000e+06,6.113821780868577207e+02
5.362332000000000000e+06,6.109137847318754666e+02
5.363264000000000000e+06,6.105054145713402249e+02
5.364200000000000000e+06,6.101511702545201388e+02
5.365136000000000000e+06,6.098365713941226431e+02
5.366072000000000000e+06,6.095422648115932134e+02
5.367004000000000000e+06,6.092481777325077701e+02
5.367940000000000000e+06,6.089373721199494867e+02
5.368876000000000000e+06,6.085989945433078674e+02
5.369812000000000000e+06,6.082299383871322789e+02
5.370744000000000000e+06,6.078350931004824815e+02
5.371680000000000000e+06,6.074263048468477564e+02
5.372616000000000000e+06,6.070203781322538816e+02
5.373552000000000000e+06,6.066365759633309835e+02
5.374484000000000000e+06,6.062941003221624214e+02
5.375420000000000000e+06,6.060099496641523729e+02
5.376356000000000000e+06,6.057973848473217231e+02
5.377292000000000000e+06,6.056650480957887339e+02
5.378224000000000000e+06,6.056166331205657798e+02
5.379160000000000000e+06,6.056509327817356052e+02
5.380100000000000000e+06,6.057620902112016665e+02
5.381032000000000000e+06,6.059399266720278092e+02
5.381964000000000000e+06,6.061702958185824173e+02
5.382900000000000000e+06,6.064355078619811366e+02
5.383836000000000000e+06,6.067149571921139568e+02
5.384772000000000000e+06,6.069861350403107281e+02
5.385704000000000000e+06,6.072261764059770712e+02
5.386640000000000000e+06,6.074139671758503027e+02
5.387576000000000000e+06,6.075326569775218104e+02
5.388512000000000000e+06,6.075722525195154731e+02
5.389444000000000000e+06,6.075318684808988792e+02
5.390380000000000000e+06,6.074212154849310537e+02
5.391316000000000000e+06,6.072609924339190002e+02
5.392252000000000000e+06,6.070819865273863343e+02
5.393184000000000000e+06,6.069228344527213039e+02
5.394120000000000000e+06,6.068265452519166274e+02
5.395056000000000000e+06,6.068360281591600369e+02
5.395992000000000000e+06,6.069890103141905229e+02
5.396924000000000000e+06,6.073128626639378354e+02
5.397860000000000000e+06,6.078199553601222078e+02
5.398796000000000000e+06,6.085042054842980406e+02
5.399732000000000000e+06,6.093394309697780500e+02
5.400664000000000000e+06,6.102799680540540521e+02
5.401608000000000000e+06,6.112637479291319096e+02
5.402536000000000000e+06,6.122176883840401160e+02
5.403472000000000000e+06,6.130648906202751505e+02
5.404404000000000000e+06,6.137328109829015830e+02
5.405340000000000000e+06,6.141613732785381217e+02
5.406276000000000000e+06,6.143099487628662700e+02
5.407212000000000000e+06,6.141622699143590580e+02
5.408144000000000000e+06,6.137286333652195935e+02
5.409080000000000000e+06,6.130451282006071096e+02
5.410016000000000000e+06,6.121700245968297622e+02
5.410952000000000000e+06,6.111778056026375907e+02
5.411884000000000000e+06,6.101515761436187404e+02
5.412820000000000000e+06,6.091747253590357332e+02
5.413756000000000000e+06,6.083227635644294651e+02
5.414692000000000000e+06,6.076562178665639067e+02
5.415624000000000000e+06,6.072153499686756959e+02
5.416560000000000000e+06,6.070172471261544160e+02
5.417496000000000000e+06,6.070555389371331785e+02
5.418432000000000000e+06,6.073026465185266716e+02
5.419364000000000000e+06,6.077141404614505973e+02
5.420300000000000000e+06,6.082345357393910490e+02
5.421236000000000000e+06,6.088037283570296267e+02
5.422172000000000000e+06,6.093632904880057595e+02
5.423112000000000000e+06,6.098619719166359801e+02
5.424040000000000000e+06,6.102599686117749798e+02
5.424976000000000000e+06,6.105317585520662078e+02
5.425912000000000000e+06,6.106675084923342638e+02
5.426844000000000000e+06,6.106731812330235698e+02
5.427780000000000000e+06,6.105695185077795486e+02
5.428716000000000000e+06,6.103900669195244291e+02
5.429652000000000000e+06,6.101783833236974033e+02
5.430584000000000000e+06,6.099845217979716381e+02
5.431520000000000000e+06,6.098608852137583654e+02
5.432456000000000000e+06,6.098575429986216250e+02
5.433392000000000000e+06,6.100171898682508527e+02
5.434324000000000000e+06,6.103700444436685757e+02
5.435260000000000000e+06,6.109291324405095338e+02
5.436196000000000000e+06,6.116865190264545618e+02
5.437132000000000000e+06,6.126110979406953447e+02
5.438064000000000000e+06,6.136484739317163530e+02
5.439000000000000000e+06,6.147232829193402495e+02
5.439936000000000000e+06,6.157440105012057074e+02
5.440872000000000000e+06,6.166100501375734666e+02
5.441804000000000000e+06,6.172204479423548946e+02
5.442740000000000000e+06,6.174835540051885800e+02
5.443676000000000000e+06,6.173266559715477797e+02
5.444616000000000000e+06,6.167046070578331864e+02
5.445544000000000000e+06,6.156064796405775041e+02
5.446480000000000000e+06,6.140593951872324396e+02
5.447416000000000000e+06,6.121289217876516204e+02
5.448352000000000000e+06,6.099157840289935848e+02
5.449284000000000000e+06,6.075490452366298086e+02
5.450220000000000000e+06,6.051763220084581008e+02
5.451156000000000000e+06,6.029519094423768593e+02
5.452092000000000000e+06,6.010239039854628800e+02
5.453024000000000000e+06,5.995215141021442378e+02
5.453960000000000000e+06,5.985437584086970446e+02
5.454896000000000000e+06,5.981506641522154268e+02
5.455832000000000000e+06,5.983578827259741502e+02
5.456764000000000000e+06,5.991353289281860270e+02
5.457700000000000000e+06,6.004100485448159361e+02
5.458636000000000000e+06,6.020730741019759762e+02
5.459572000000000000e+06,6.039896042201492037e+02
5.460504000000000000e+06,6.060114935652792383e+02
5.461440000000000000e+06,6.079908035540821629e+02
5.462376000000000000e+06,6.097930553097761504e+02
5.463312000000000000e+06,6.113088514710509571e+02
5.464244000000000000e+06,6.124626926196833665e+02
5.465180000000000000e+06,6.132181023325308615e+02
5.466120000000000000e+06,6.135785767485426732e+02
5.467052000000000000e+06,6.135843548521468165e+02
5.467984000000000000e+06,6.133055033772595834e+02
5.468920000000000000e+06,6.128322478868755070e+02
5.469856000000000000e+06,6.122637890229597133e+02
5.470792000000000000e+06,6.116969763750066704e+02
5.471724000000000000e+06,6.112161576560271214e+02
5.472660000000000000e+06,6.108852908055686157e+02
5.473596000000000000e+06,6.107430419619580562e+02
5.474532000000000000e+06,6.108011561944986170e+02
5.475464000000000000e+06,6.110459502559255043e+02
5.476400000000000000e+06,6.114423999531658183e+02
5.477336000000000000e+06,6.119400302676635874e+02
5.478272000000000000e+06,6.124796998789056488e+02
5.479204000000000000e+06,6.130004127408417389e+02
5.480140000000000000e+06,6.134454609958088440e+02
5.481076000000000000e+06,6.137674446379639903e+02
5.482012000000000000e+06,6.139319487689784864e+02
5.482944000000000000e+06,6.139198329646245611e+02
5.483880000000000000e+06,6.137281863722523667e+02
5.484816000000000000e+06,6.133700518045262697e+02
5.485752000000000000e+06,6.128730570193887388e+02
5.486684000000000000e+06,6.122771294923234109e+02
5.487628000000000000e+06,6.116315057188170385e+02
5.488556000000000000e+06,6.109912586261024217e+02
5.489492000000000000e+06,6.104135473487597210e+02
5.490424000000000000e+06,6.099537542849304828e+02
5.491360000000000000e+06,6.096616417757345516e+02
5.492296000000000000e+06,6.095776593265532028e+02
5.493232000000000000e+06,6.097295695007636596e+02
5.494164000000000000e+06,6.101296209183306019e+02
5.495100000000000000e+06,6.107725465084437246e+02
5.496036000000000000e+06,6.116346697511509092e+02
5.496972000000000000e+06,6.126743456706865345e+02
5.497904000000000000e+06,6.138338572074574131e+02
5.498840000000000000e+06,6.150427566131739923e+02
5.499776000000000000e+06,6.162225077391772174e+02
5.500712000000000000e+06,6.172921557466760305e+02
5.501644000000000000e+06,6.181746229898847105e+02
5.502580000000000000e+06,6.188031090217722294e+02
5.503516000000000000e+06,6.191269858284007341e+02
5.504452000000000000e+06,6.191165659144536448e+02
5.505384000000000000e+06,6.187662071513638011e+02
5.506320000000000000e+06,6.180953990580163691e+02
5.507256000000000000e+06,6.171477142492642542e+02
5.508192000000000000e+06,6.159877535415735110e+02
5.509132000000000000e+06,6.146964124224676880e+02
5.510060000000000000e+06,6.133649172230987006e+02
5.510996000000000000e+06,6.120881174694368383e+02
5.511932000000000000e+06,6.109575002055059940e+02
5.512864000000000000e+06,6.100543503573464932e+02
5.513800000000000000e+06,6.094434533963287777e+02
5.514736000000000000e+06,6.091677402056704977e+02
5.515672000000000000e+06,6.092442985103886031e+02
5.516604000000000000e+06,6.096621809033052841e+02
5.517540000000000000e+06,6.103823758200736620e+02
5.518476000000000000e+06,6.113401457884940555e+02
5.519412000000000000e+06,6.124496935423683226e+02
5.520344000000000000e+06,6.136108463462093141e+02
5.521280000000000000e+06,6.147172119869072731e+02
5.522216000000000000e+06,6.156650903787323159e+02
5.523152000000000000e+06,6.163623280452576410e+02
5.524084000000000000e+06,6.167362757133911373e+02
5.525020000000000000e+06,6.167400589391008907e+02
5.525956000000000000e+06,6.163565152482295844e+02
5.526892000000000000e+06,6.155993965632513891e+02
5.527824000000000000e+06,6.145117588182547479e+02
5.528760000000000000e+06,6.131618029810141479e+02
5.529696000000000000e+06,6.116367225126914491e+02
5.530636000000000000e+06,6.100352993549088296e+02
5.531564000000000000e+06,6.084600559092691583e+02
5.532500000000000000e+06,6.070097257244691491e+02
5.533436000000000000e+06,6.057726755715636955e+02
5.534372000000000000e+06,6.048217216566054049e+02
5.535304000000000000e+06,6.042105591020618931e+02
5.536240000000000000e+06,6.039718013855060690e+02
5.537176000000000000e+06,6.041164477949533875e+02
5.538112000000000000e+06,6.046344961183084479e+02
5.539044000000000000e+06,6.054964023046471766e+02
5.539980000000000000e+06,6.066551397273958628e+02
5.540916000000000000e+06,6.080486986013062278e+02
5.541852000000000000e+06,6.096029646325149542e+02
5.542784000000000000e+06,6.112350001854063066e+02
5.543720000000000000e+06,6.128567923492831824e+02
5.544656000000000000e+06,6.143795058025726803e+02
5.545592000000000000e+06,6.157181831064805237e+02
5.546524000000000000e+06,6.167967009732246879e+02
5.547460000000000000e+06,6.175526649011122799e+02
5.548396000000000000e+06,6.179418467483063750e+02
5.549332000000000000e+06,6.179417591641931722e+02
5.550264000000000000e+06,6.175540109521887189e+02
5.551200000000000000e+06,6.168051741286989227e+02
5.552140000000000000e+06,6.157459912277422518e+02
5.553072000000000000e+06,6.144488493575479424e+02
5.554004000000000000e+06,6.130035514984920155e+02
5.554940000000000000e+06,6.115115378338756500e+02
5.555876000000000000e+06,6.100788565495820421e+02
5.556812000000000000e+06,6.088083460072413118e+02
5.557744000000000000e+06,6.077916436760427814e+02
5.558680000000000000e+06,6.071017463047846832e+02
5.559616000000000000e+06,6.067868754498579165e+02
5.560552000000000000e+06,6.068663282695780481e+02
5.561484000000000000e+06,6.073288093774370964e+02
5.562420000000000000e+06,6.081334644505477627e+02
5.563356000000000000e+06,6.092135166724794999e+02
5.564288000000000000e+06,6.104821072957093975e+02
5.565224000000000000e+06,6.118397217720735171e+02
5.566160000000000000e+06,6.131824742676411688e+02
5.567096000000000000e+06,6.144105146161504081e+02
5.568032000000000000e+06,6.154358695358494060e+02
5.568964000000000000e+06,6.161890937229358087e+02
5.569900000000000000e+06,6.166241801526217614e+02
5.570836000000000000e+06,6.167212882962572849e+02
5.571772000000000000e+06,6.164870217541439388e+02
5.572704000000000000e+06,6.159522295589426903e+02
5.573648000000000000e+06,6.151675987455677159e+02
5.574576000000000000e+06,6.141976052470623699e+02
5.575512000000000000e+06,6.131136304605927307e+02
5.576444000000000000e+06,6.119871637698850009e+02
5.577380000000000000e+06,6.108839540302449223e+02
5.578316000000000000e+06,6.098597493008290940e+02
5.579252000000000000e+06,6.089579279329285555e+02
5.580184000000000000e+06,6.082089630958778343e+02
5.581120000000000000e+06,6.076313654588235522e+02
5.582056000000000000e+06,6.072335718327418590e+02
5.582992000000000000e+06,6.070162044852341978e+02
5.583924000000000000e+06,6.069741980714373994e+02
5.584860000000000000e+06,6.070984445376386702e+02
5.585796000000000000e+06,6.073767998897099005e+02
5.586732000000000000e+06,6.077944890279544552e+02
5.587664000000000000e+06,6.083341014936108877e+02
5.588600000000000000e+06,6.089754654371694187e+02
5.589536000000000000e+06,6.096956989866927188e+02
5.590472000000000000e+06,6.104696607411738114e+02
5.591404000000000000e+06,6.112708746441314815e+02
5.592340000000000000e+06,6.120728366220727139e+02
5.593276000000000000e+06,6.128504770353442836e+02
5.594212000000000000e+06,6.135814943927603053e+02
5.595152000000000000e+06,6.142473026930261994e+02
5.596080000000000000e+06,6.148334290009158849e+02
5.597016000000000000e+06,6.153293243398187542e+02
5.597952000000000000e+06,6.157276749198184689e+02
5.598884000000000000e+06,6.160233991157934952e+02
5.599820000000000000e+06,6.162125761080453685e+02
5.600756000000000000e+06,6.162915667564464002e+02
5.601692000000000000e+06,6.162565526928633517e+02
5.602624000000000000e+06,6.161036425945129622e+02
5.603560000000000000e+06,6.158295925528260568e+02
5.604496000000000000e+06,6.154330794179876420e+02
5.605432000000000000e+06,6.149163639593951984e+02
5.606364000000000000e+06,6.142870917890248847e+02
5.607300000000000000e+06,6.135599160028510823e+02
5.608236000000000000e+06,6.127576051782870081e+02
5.609172000000000000e+06,6.119113392613589895e+02
5.610104000000000000e+06,6.110599935461689256e+02
5.611040000000000000e+06,6.102483482099682988e+02
5.611976000000000000e+06,6.095243086089959661e+02
5.612912000000000000e+06,6.089353531942006157e+02
5.613844000000000000e+06,6.085245251182819857e+02
5.614780000000000000e+06,6.083263449283615500e+02
5.615716000000000000e+06,6.083630472923068737e+02
5.616656000000000000e+06,6.086415389643684648e+02
5.617584000000000000e+06,6.091514391238072221e+02
5.618520000000000000e+06,6.098644923223253045e+02
5.619456000000000000e+06,6.107355348005636415e+02
5.620392000000000000e+06,6.117050535157054583e+02
5.621324000000000000e+06,6.127032229340316007e+02
5.622260000000000000e+06,6.136551597227361299e+02
5.623196000000000000e+06,6.144870130953656826e+02
5.624132000000000000e+06,6.151324087197054951e+02
5.625064000000000000e+06,6.155386817052495871e+02
5.626000000000000000e+06,6.156722737880792238e+02
5.626936000000000000e+06,6.155226544533405786e+02
5.627868000000000000e+06,6.151041894418424363e+02
5.628804000000000000e+06,6.144555469682157991e+02
5.629740000000000000e+06,6.136364981440049178e+02
5.630676000000000000e+06,6.127222994767694217e+02
5.631612000000000000e+06,6.117961876708280897e+02
5.632544000000000000e+06,6.109408092526000473e+02
5.633480000000000000e+06,6.102295952350173138e+02
5.634416000000000000e+06,6.097191362382546913e+02
5.635352000000000000e+06,6.094435004524010537e+02
5.636284000000000000e+06,6.094111775681650442e+02
5.637220000000000000e+06,6.096049715988738171e+02
5.638160000000000000e+06,6.099847755432123222e+02
5.639092000000000000e+06,6.104928119793289625e+02
5.640024000000000000e+06,6.110606599713978540e+02
5.640960000000000000e+06,6.116172240645128113e+02
5.641896000000000000e+06,6.120967365245251131e+02
5.642832000000000000e+06,6.124459189622538133e+02
5.643764000000000000e+06,6.126295578637697190e+02
5.644700000000000000e+06,6.126339516560218499e+02
5.645636000000000000e+06,6.124679374900892981e+02
5.646572000000000000e+06,6.121614770635063678e+02
5.647504000000000000e+06,6.117620494135770741e+02
5.648440000000000000e+06,6.113293397733893926e+02
5.649376000000000000e+06,6.109288933631169130e+02
5.650312000000000000e+06,6.106254827842417399e+02
5.651244000000000000e+06,6.104768946229820585e+02
5.652180000000000000e+06,6.105286898119728676e+02
5.653116000000000000e+06,6.108102875221908334e+02
5.654052000000000000e+06,6.113325313590462429e+02
5.654984000000000000e+06,6.120867629500473868e+02
5.655920000000000000e+06,6.130453531592135050e+02
5.656856000000000000e+06,6.141635991862486890e+02
5.657792000000000000e+06,6.153828600980406236e+02
5.658724000000000000e+06,6.166347578996305856e+02
5.659668000000000000e+06,6.178462058309715985e+02
5.660596000000000000e+06,6.189449344256656786e+02
5.661532000000000000e+06,6.198650785630787823e+02
5.662464000000000000e+06,6.205523000835494258e+02
5.663400000000000000e+06,6.209679019449424686e+02
5.664336000000000000e+06,6.210914811784431322e+02
5.665272000000000000e+06,6.209218678361734192e+02
5.666204000000000000e+06,6.204763542097437039e+02
5.667140000000000000e+06,6.197884507852116940e+02
5.668076000000000000e+06,6.189045424012326748e+02
5.669012000000000000e+06,6.178798421205426621e+02
5.669944000000000000e+06,6.167739925825077307e+02
5.670880000000000000e+06,6.156466091139978971e+02
5.671816000000000000e+06,6.145530359780071876e+02
5.672752000000000000e+06,6.135405943239375119e+02
5.673684000000000000e+06,6.126456063836917565e+02
5.674620000000000000e+06,6.118914518011353039e+02
5.675556000000000000e+06,6.112878319062372157e+02
5.676492000000000000e+06,6.108312910153807707e+02
5.677424000000000000e+06,6.105068933913934188e+02
5.678360000000000000e+06,6.102908143737420232e+02
5.679296000000000000e+06,6.101535071568513331e+02
5.680232000000000000e+06,6.100630702667257310e+02
5.681172000000000000e+06,6.099884630333348241e+02
5.682100000000000000e+06,6.099022838704360083e+02
5.683036000000000000e+06,6.097829240890880556e+02
5.683972000000000000e+06,6.096160254173519206e+02
5.684904000000000000e+06,6.093952870439690059e+02
5.685840000000000000e+06,6.091227631437968739e+02
5.686776000000000000e+06,6.088088324027894487e+02
5.687712000000000000e+06,6.084719832903617771e+02
5.688644000000000000e+06,6.081384452711018866e+02
5.689580000000000000e+06,6.078415415340160735e+02
5.690516000000000000e+06,6.076205011161516722e+02
5.691452000000000000e+06,6.075184100217419427e+02
5.692384000000000000e+06,6.075790480351037104e+02
5.693320000000000000e+06,6.078425637287700738e+02
5.694256000000000000e+06,6.083402554377514662e+02
5.695192000000000000e+06,6.090890736646639425e+02
5.696124000000000000e+06,6.100867262241797562e+02
5.697060000000000000e+06,6.113083410474041557e+02
5.697996000000000000e+06,6.127054752050788693e+02
5.698932000000000000e+06,6.142079000277371961e+02
5.699864000000000000e+06,6.157281588577353659e+02
5.700800000000000000e+06,6.171685059057182343e+02
5.701736000000000000e+06,6.184295546600898206e+02
5.702676000000000000e+06,6.194197872277073884e+02
5.703604000000000000e+06,6.200649666932848731e+02
5.704540000000000000e+06,6.203164369689559408e+02
5.705476000000000000e+06,6.201573114957973303e+02
5.706412000000000000e+06,6.196056855776174643e+02
5.707344000000000000e+06,6.187142823599355097e+02
5.708280000000000000e+06,6.175663450394330312e+02
5.709216000000000000e+06,6.162680630893245279e+02
5.710152000000000000e+06,6.149382881006407615e+02
5.711084000000000000e+06,6.136966719582702581e+02
5.712020000000000000e+06,6.126515826900164257e+02
5.712956000000000000e+06,6.118891918977445812e+02
5.713892000000000000e+06,6.114649866743299071e+02
5.714824000000000000e+06,6.113986646620721785e+02
5.715760000000000000e+06,6.116729591152517287e+02
5.716696000000000000e+06,6.122364544849294816e+02
5.717632000000000000e+06,6.130099502749421845e+02
5.718564000000000000e+06,6.138954886285175689e+02
5.719500000000000000e+06,6.147868603378119587e+02
5.720436000000000000e+06,6.155803004998425649e+02
5.721372000000000000e+06,6.161841855541985069e+02
5.722304000000000000e+06,6.165268047869985821e+02
5.723240000000000000e+06,6.165616299119355972e+02
5.724180000000000000e+06,6.162698729033277232e+02
5.725108000000000000e+06,6.156604469366635612e+02
5.726044000000000000e+06,6.147676885882310671e+02
5.726980000000000000e+06,6.136473392836019229e+02
5.727916000000000000e+06,6.123713196384305775e+02
5.728852000000000000e+06,6.110217882622563366e+02
5.729784000000000000e+06,6.096849055135332947e+02
5.730720000000000000e+06,6.084446718701528880e+02
5.731656000000000000e+06,6.073772034176379293e+02
5.732592000000000000e+06,6.065458287565974160e+02
5.733524000000000000e+06,6.059973976625858541e+02
5.734460000000000000e+06,6.057601292780104814e+02
5.735396000000000000e+06,6.058431638754012738e+02
5.736332000000000000e+06,6.062377296145684795e+02
5.737264000000000000e+06,6.069195569389241882e+02
5.738200000000000000e+06,6.078519592244363139e+02
5.739136000000000000e+06,6.089889285150088654e+02
5.740072000000000000e+06,6.102777034873648745e+02
5.741004000000000000e+06,6.116605305631378542e+02
5.741940000000000000e+06,6.130756913975214957e+02
5.742876000000000000e+06,6.144582178771688632e+02
5.743812000000000000e+06,6.157409542917652061e+02
5.744744000000000000e+06,6.168566581725222022e+02
5.745684000000000000e+06,6.177416025974864624e+02
5.746616000000000000e+06,6.183406813092673247e+02
5.747552000000000000e+06,6.186134442736719166e+02
5.748484000000000000e+06,6.185399885972821039e+02
5.749420000000000000e+06,6.181253830738754687e+02
5.750356000000000000e+06,6.174014316791368628e+02
5.751292000000000000e+06,6.164250806909383300e+02
5.752224000000000000e+06,6.152735129693899125e+02
5.753160000000000000e+06,6.140367226532501945e+02
5.754096000000000000e+06,6.128088770547813056e+02
5.755032000000000000e+06,6.116798821974014118e+02
5.755964000000000000e+06,6.107282642004315676e+02
5.756900000000000000e+06,6.100159197147465875e+02
5.757836000000000000e+06,6.095847289148881600e+02
5.758772000000000000e+06,6.094546882928148079e+02
5.759704000000000000e+06,6.096231980205175205e+02
5.760640000000000000e+06,6.100653595896652632e+02
5.761576000000000000e+06,6.107354266825648210e+02
5.762512000000000000e+06,6.115697174725241894e+02
5.763444000000000000e+06,6.124912275599658642e+02
5.764380000000000000e+06,6.134158858201944895e+02
5.765316000000000000e+06,6.142599809577910719e+02
5.766252000000000000e+06,6.149479123877924849e+02
5.767188000000000000e+06,6.154192234898509923e+02
5.768120000000000000e+06,6.156339299818694144e+02
5.769056000000000000e+06,6.155754515563093037e+02
5.769992000000000000e+06,6.152509105449228173e+02
5.770924000000000000e+06,6.146890501267298532e+02
5.771860000000000000e+06,6.139364085504352033e+02
5.772796000000000000e+06,6.130525606961567746e+02
5.773732000000000000e+06,6.121051721293550827e+02
5.774664000000000000e+06,6.111653582999963419e+02
5.775600000000000000e+06,6.103035227152524840e+02
5.776536000000000000e+06,6.095855958959850796e+02
5.777472000000000000e+06,6.090694985476802685e+02
5.778404000000000000e+06,6.088017148112803625e+02
5.779340000000000000e+06,6.088140242472724140e+02
5.780276000000000000e+06,6.091206208800740569e+02
5.781212000000000000e+06,6.097159800502417966e+02
5.782144000000000000e+06,6.105738881560387199e+02
5.783080000000000000e+06,6.116480164795867722e+02
5.784016000000000000e+06,6.128742913143236137e+02
5.784952000000000000e+06,6.141750852502404996e+02
5.785884000000000000e+06,6.154649504716489901e+02
5.786820000000000000e+06,6.166572997478135676e+02
5.787756000000000000e+06,6.176712128096070273e+02
5.788692000000000000e+06,6.184374963682167845e+02
5.789624000000000000e+06,6.189032926134844956e+02
5.790560000000000000e+06,6.190348683711606554e+02
5.791496000000000000e+06,6.188186088889486882e+02
5.792432000000000000e+06,6.182605536460708890e+02
5.793364000000000000e+06,6.173849606994684791e+02
5.794300000000000000e+06,6.162323615507217482e+02
5.795236000000000000e+06,6.148574233049249642e+02
5.796172000000000000e+06,6.133267457886220200e+02
5.797104000000000000e+06,6.117165515934874520e+02
5.798040000000000000e+06,6.101101093100066919e+02
5.798976000000000000e+06,6.085946747626844626e+02
5.799908000000000000e+06,6.072577488244465940e+02
5.800844000000000000e+06,6.061825432366373434e+02
5.801780000000000000e+06,6.054427166664062270e+02
5.802716000000000000e+06,6.050966629236617109e+02
5.803648000000000000e+06,6.051818462774982663e+02
5.804584000000000000e+06,6.057098263944196788e+02
5.805520000000000000e+06,6.066626633533165887e+02
5.806456000000000000e+06,6.079913421070095865e+02
5.807392000000000000e+06,6.096167268228093690e+02
5.808324000000000000e+06,6.114333656722870955e+02
5.809260000000000000e+06,6.133162169986934487e+02
5.810196000000000000e+06,6.151300552950264091e+02
5.811132000000000000e+06,6.167409512694601972e+02
5.812064000000000000e+06,6.180288356617106729e+02
5.813000000000000000e+06,6.188998018646526589e+02
5.813936000000000000e+06,6.192965550095009348e+02
5.814872000000000000e+06,6.192053813431584786e+02
5.815804000000000000e+06,6.186582964000763241e+02
5.816740000000000000e+06,6.177296743109760655e+02
5.817676000000000000e+06,6.165275812308755121e+02
5.818612000000000000e+06,6.151810177832550153e+02
5.819544000000000000e+06,6.138250320047465038e+02
5.820480000000000000e+06,6.125859557586726396e+02
5.821416000000000000e+06,6.115687672233908643e+02
5.822348000000000000e+06,6.108479202390324190e+02
5.823284000000000000e+06,6.104621833069458035e+02
5.824220000000000000e+06,6.104133815135122632e+02
5.825156000000000000e+06,6.106685960860279465e+02
5.826092000000000000e+06,6.111653287091907032e+02
5.827024000000000000e+06,6.118192129165420283e+02
5.827960000000000000e+06,6.125338441312042050e+02
5.828896000000000000e+06,6.132120797264792600e+02
5.829832000000000000e+06,6.137677666347159402e+02
5.830764000000000000e+06,6.141364626295770677e+02
5.831700000000000000e+06,6.142835490802497134e+02
5.832636000000000000e+06,6.142083410277067514e+02
5.833572000000000000e+06,6.139433993687231350e+02
5.834504000000000000e+06,6.135491061792766914e+02
5.836376000000000000e+06,6.131044414557186428e+02
5.837312000000000000e+06,6.126955419406828014e+02
5.838244000000000000e+06,6.124038545096709640e+02
5.839180000000000000e+06,6.122955005799657329e+02
5.840116000000000000e+06,6.124129931570276995e+02
5.841052000000000000e+06,6.127699271299342172e+02
5.841984000000000000e+06,6.133488829130226350e+02
5.842920000000000000e+06,6.141025891739234339e+02
5.843856000000000000e+06,6.149582851867102136e+02
5.844792000000000000e+06,6.158250540636311143e+02
5.845724000000000000e+06,6.166035715643990898e+02
5.846660000000000000e+06,6.171972727496641937e+02
5.847596000000000000e+06,6.175235429713835629e+02
5.848532000000000000e+06,6.175233812911433233e+02
5.849464000000000000e+06,6.171681734177899443e+02
5.850400000000000000e+06,6.164627211857962266e+02
5.851336000000000000e+06,6.154443596045307459e+02
5.852272000000000000e+06,6.141786457783849755e+02
5.853204000000000000e+06,6.127525421822389262e+02
5.854140000000000000e+06,6.112661456442252756e+02
5.855076000000000000e+06,6.098238629002059952e+02
5.856012000000000000e+06,6.085256403857066516e+02
5.856944000000000000e+06,6.074586027396928785e+02
5.857880000000000000e+06,6.066893903058802380e+02
5.858816000000000000e+06,6.062576534241696891e+02
5.859752000000000000e+06,6.061714603559937586e+02
5.860684000000000000e+06,6.064055915455808190e+02
5.861620000000000000e+06,6.069035971668905631e+02
5.862556000000000000e+06,6.075839797272778924e+02
5.863492000000000000e+06,6.083500278200755247e+02
5.864424000000000000e+06,6.091019462555702830e+02
5.865360000000000000e+06,6.097493177595865745e+02
5.866296000000000000e+06,6.102217998526608653e+02
5.867232000000000000e+06,6.104763368325612873e+02
5.868164000000000000e+06,6.104999275532286447e+02
5.869100000000000000e+06,6.103079277266057261e+02
5.870036000000000000e+06,6.099387513326352064e+02
5.870972000000000000e+06,6.094464611163948575e+02
5.871904000000000000e+06,6.088929544569090240e+02
5.872840000000000000e+06,6.083412078187701582e+02
5.873776000000000000e+06,6.078504163529419202e+02
5.874712000000000000e+06,6.074730560991675929e+02
5.875644000000000000e+06,6.072531854199665986e+02
5.876580000000000000e+06,6.072249569526770756e+02
5.877516000000000000e+06,6.074104719940899031e+02
5.878452000000000000e+06,6.078167133572603689e+02
5.879384000000000000e+06,6.084320874569303896e+02
5.880320000000000000e+06,6.092237536141058172e+02
5.881256000000000000e+06,6.101371393812747783e+02
5.882192000000000000e+06,6.110987261465322717e+02
5.883124000000000000e+06,6.120224343934178250e+02
5.884060000000000000e+06,6.128189962971961222e+02
5.884996000000000000e+06,6.134068857989832395e+02
5.885928000000000000e+06,6.137229347234368788e+02
5.886864000000000000e+06,6.137308059581429234e+02
5.887800000000000000e+06,6.134259650007395521e+02
5.888736000000000000e+06,6.128365113950371779e+02
5.889672000000000000e+06,6.120199812995540469e+02
5.890604000000000000e+06,6.110568287697751657e+02
5.891540000000000000e+06,6.100416395739893005e+02
5.892476000000000000e+06,6.090732231832662364e+02
5.893412000000000000e+06,6.082446328567034470e+02
5.894344000000000000e+06,6.076339864097259351e+02
5.895280000000000000e+06,6.072968035402153646e+02
5.896216000000000000e+06,6.072604890041018280e+02
5.897148000000000000e+06,6.075215425071463642e+02
5.898084000000000000e+06,6.080459704949817024e+02
5.899020000000000000e+06,6.087731133739061988e+02
5.899956000000000000e+06,6.096226508431318507e+02
5.901824000000000000e+06,6.105039797319516310e+02
5.902760000000000000e+06,6.113266368579938899e+02
5.903696000000000000e+06,6.120101556921873680e+02
5.904632000000000000e+06,6.124918326977450533e+02
5.905564000000000000e+06,6.127313446763672573e+02
5.906500000000000000e+06,6.127118738824271986e+02
5.907436000000000000e+06,6.124381476077595607e+02
5.908372000000000000e+06,6.119323641197145207e+02
5.909304000000000000e+06,6.112292133305693369e+02
5.910240000000000000e+06,6.103710848621102514e+02
5.911176000000000000e+06,6.094041816682058652e+02
5.912112000000000000e+06,6.083757858347931915e+02
5.913044000000000000e+06,6.073325155816919505e+02
5.913980000000000000e+06,6.063191746109914675e+02
5.914916000000000000e+06,6.053777570487733328e+02
5.915852000000000000e+06,6.045462971405019061e+02
5.916784000000000000e+06,6.038574650942309745e+02
5.917720000000000000e+06,6.033370222020247411e+02
5.918656000000000000e+06,6.030023924242482281e+02
5.919592000000000000e+06,6.028616501979943223e+02
5.920524000000000000e+06,6.029131625080968888e+02
5.921460000000000000e+06,6.031459804342084681e+02
5.922396000000000000e+06,6.035409005894099437e+02
5.923332000000000000e+06,6.040719775890646588e+02
5.924264000000000000e+06,6.047082228425695121e+02
5.925200000000000000e+06,6.054152852534200520e+02
5.926136000000000000e+06,6.061570320333229347e+02
5.927072000000000000e+06,6.068970607883629782e+02
5.928004000000000000e+06,6.076002229240781389e+02
5.928940000000000000e+06,6.082342124521530877e+02
5.929876000000000000e+06,6.087711986635080166e+02
5.930808000000000000e+06,6.091893931833961915e+02
5.931744000000000000e+06,6.094743740013739171e+02
5.932680000000000000e+06,6.096199641992285478e+02
5.933616000000000000e+06,6.096284945012171193e+02
5.934552000000000000e+06,6.095103658289185660e+02
5.935484000000000000e+06,6.092829519003645373e+02
5.936420000000000000e+06,6.089690082951127579e+02
5.937356000000000000e+06,6.085948444668831598e+02
5.938292000000000000e+06,6.081885383784104988e+02
5.939224000000000000e+06,6.077784184853146598e+02
5.940160000000000000e+06,6.073919202013752283e+02
5.941096000000000000e+06,6.070547844735652916e+02
5.942032000000000000e+06,6.067904550445008454e+02
5.942964000000000000e+06,6.066194861261188862e+02
5.943900000000000000e+06,6.065588063344646343e+02
5.944836000000000000e+06,6.066207880658063232e+02
5.945772000000000000e+06,6.068122159528377324e+02
5.946704000000000000e+06,6.071333860145075505e+02
5.947640000000000000e+06,6.075776383634383819e+02
5.948576000000000000e+06,6.081315854167822863e+02
5.949512000000000000e+06,6.087761458472209597e+02
5.950444000000000000e+06,6.094882855961429868e+02
5.951380000000000000e+06,6.102431774225079835e+02
5.952316000000000000e+06,6.110163799948520591e+02
5.953252000000000000e+06,6.117856319851213129e+02
5.954184000000000000e+06,6.125319499477644740e+02
5.955120000000000000e+06,6.132398828456038018e+02
5.956056000000000000e+06,6.138969687884482482e+02
5.956992000000000000e+06,6.144926148035846154e+02
5.957924000000000000e+06,6.150167404853663129e+02
5.958860000000000000e+06,6.154585700718578209e+02
5.959796000000000000e+06,6.158059211858478648e+02
5.960732000000000000e+06,6.160452317494673480e+02
5.961664000000000000e+06,6.161624091213468546e+02
5.962600000000000000e+06,6.161444072680592399e+02
5.963536000000000000e+06,6.159812771789428325e+02
5.964472000000000000e+06,6.156683294650682683e+02
5.965404000000000000e+06,6.152080171161444468e+02
5.967276000000000000e+06,6.146111895082044612e+02
5.968212000000000000e+06,6.138974670906829942e+02
5.969144000000000000e+06,6.130946135109487614e+02
5.970080000000000000e+06,6.122369161426404389e+02
5.971016000000000000e+06,6.113627169442947888e+02
5.971948000000000000e+06,6.105113625354713349e+02
5.972884000000000000e+06,6.097199600490367857e+02
5.973820000000000000e+06,6.090204090091186799e+02
5.974756000000000000e+06,6.084371838340691738e+02
5.975692000000000000e+06,6.079862214763832071e+02
5.976624000000000000e+06,6.076750167082552707e+02
5.977560000000000000e+06,6.075037036527133978e+02
5.978496000000000000e+06,6.074666258590748384e+02
5.979432000000000000e+06,6.075537921273096345e+02
5.980364000000000000e+06,6.077517367051859765e+02
5.981300000000000000e+06,6.080436017515963840e+02
5.982236000000000000e+06,6.084086142412130584e+02
5.983168000000000000e+06,6.088214100962806015e+02
5.984104000000000000e+06,6.092517829641635672e+02
5.985040000000000000e+06,6.096653788470206337e+02
5.985976000000000000e+06,6.100256420256293950e+02
5.986912000000000000e+06,6.102969993988082251e+02
5.987844000000000000e+06,6.104489314131639048e+02
5.988780000000000000e+06,6.104603043980396251e+02
5.989716000000000000e+06,6.103231960763534971e+02
5.990652000000000000e+06,6.100454610722185862e+02
5.991584000000000000e+06,6.096514494936762958e+02
5.992520000000000000e+06,6.091805783453461345e+02
5.993456000000000000e+06,6.086838123734986539e+02
5.994388000000000000e+06,6.082184661113841457e+02
5.995324000000000000e+06,6.078420082361691357e+02
5.996260000000000000e+06,6.076056689189638291e+02
5.997196000000000000e+06,6.075486133280685408e+02
5.998132000000000000e+06,6.076933051740534211e+02
5.999064000000000000e+06,6.080425258127419283e+02
6.000000000000000000e+06,6.085783924617325056e+02
6.000936000000000000e+06,6.092636239953809536e+02
6.001872000000000000e+06,6.100451671168093526e+02
6.002804000000000000e+06,6.108600480716787615e+02
6.003740000000000000e+06,6.116429455933948702e+02
6.004676000000000000e+06,6.123345698498575302e+02
6.005608000000000000e+06,6.128896212002147195e+02
6.006544000000000000e+06,6.132830256546228611e+02
6.007480000000000000e+06,6.135133620268388768e+02
6.008416000000000000e+06,6.136028689189928400e+02
6.009352000000000000e+06,6.135940255910113592e+02
6.010284000000000000e+06,6.135432834457036506e+02
6.011220000000000000e+06,6.135129495889023019e+02
6.012156000000000000e+06,6.135624177336752609e+02
6.013092000000000000e+06,6.137399056493115950e+02
6.014024000000000000e+06,6.140756514548287441e+02
6.014960000000000000e+06,6.145772284310164650e+02
6.015896000000000000e+06,6.152273391139957539e+02
6.016832000000000000e+06,6.159841978565699492e+02
6.017764000000000000e+06,6.167844260728876407e+02
6.018700000000000000e+06,6.175482493767826782e+02
6.019636000000000000e+06,6.181866581973207531e+02
6.020572000000000000e+06,6.186100315869332462e+02
6.021504000000000000e+06,6.187375181543047802e+02
6.022440000000000000e+06,6.185062544474121751e+02
6.023376000000000000e+06,6.178793523691650762e+02
6.024312000000000000e+06,6.168515873988774274e+02
6.025244000000000000e+06,6.154519281358976741e+02
6.026180000000000000e+06,6.137424624219834186e+02
6.027116000000000000e+06,6.118138130576835465e+02
6.028052000000000000e+06,6.097776566916105594e+02
6.028984000000000000e+06,6.077573267245146553e+02
6.029920000000000000e+06,6.058776252461260583e+02
6.030856000000000000e+06,6.042549070825333501e+02
6.031792000000000000e+06,6.029883060270000215e+02
6.032724000000000000e+06,6.021527344947561460e+02
6.033660000000000000e+06,6.017940622022414345e+02
6.034596000000000000e+06,6.019266849676067750e+02
6.035532000000000000e+06,6.025335155309567199e+02
6.036464000000000000e+06,6.035682423757554034e+02
6.037400000000000000e+06,6.049595136872502508e+02
6.038336000000000000e+06,6.066165501364695274e+02
6.039272000000000000e+06,6.084356189726017874e+02
6.040204000000000000e+06,6.103068306659373548e+02
6.041140000000000000e+06,6.121208229835801831e+02
6.042076000000000000e+06,6.137750266483136556e+02
6.043012000000000000e+06,6.151793150354094450e+02
6.043944000000000000e+06,6.162608974529780426e+02
6.044880000000000000e+06,6.169683116883479670e+02
6.045816000000000000e+06,6.172743214394635061e+02
6.046752000000000000e+06,6.171774662941928682e+02
6.047684000000000000e+06,6.167019943704954130e+02
6.048620000000000000e+06,6.158959675789070616e+02
6.049556000000000000e+06,6.148274767105182264e+02
6.050492000000000000e+06,6.135791201698294799e+02
6.051424000000000000e+06,6.122411501315940541e+02
6.052360000000000000e+06,6.109039275179012520e+02
6.053296000000000000e+06,6.096504998753925975e+02
6.054232000000000000e+06,6.085501722875773112e+02
6.055164000000000000e+06,6.076538471097724141e+02
6.056100000000000000e+06,6.069916611025951170e+02
6.057036000000000000e+06,6.065730797100610516e+02
6.057968000000000000e+06,6.063891834072302345e+02
6.058904000000000000e+06,6.064164997681722298e+02
6.059840000000000000e+06,6.066215095042580288e+02
6.060776000000000000e+06,6.069649620079795795e+02
6.061712000000000000e+06,6.074053719413767567e+02
6.062644000000000000e+06,6.079014436698507780e+02
6.063580000000000000e+06,6.084135502393364732e+02
6.064516000000000000e+06,6.089046559874642526e+02
6.065452000000000000e+06,6.093411505483353494e+02
6.066384000000000000e+06,6.096939604995409354e+02
6.067320000000000000e+06,6.099400828358798208e+02
6.068256000000000000e+06,6.100644275600526498e+02
6.069188000000000000e+06,6.100616446800619315e+02
6.070124000000000000e+06,6.099374963857085277e+02
6.071060000000000000e+06,6.097093379257077004e+02
6.071996000000000000e+06,6.094053822474351136e+02
6.072932000000000000e+06,6.090626154771960046e+02
6.073864000000000000e+06,6.087234636649549202e+02
6.074800000000000000e+06,6.084315432972832696e+02
6.075736000000000000e+06,6.082270175394829721e+02
6.076672000000000000e+06,6.081421899010314291e+02
6.077604000000000000e+06,6.081979686193786847e+02
6.078540000000000000e+06,6.084017178627760813e+02
6.079476000000000000e+06,6.087467928887025437e+02
6.080412000000000000e+06,6.092137799645910263e+02
6.081344000000000000e+06,6.097731863123467519e+02
6.082280000000000000e+06,6.103891073263595217e+02
6.083216000000000000e+06,6.110232836842728830e+02
6.084152000000000000e+06,6.116389728280413465e+02
6.085084000000000000e+06,6.122041825824119314e+02
6.086020000000000000e+06,6.126939956384866264e+02
6.086956000000000000e+06,6.130918869894397858e+02
6.087892000000000000e+06,6.133900624462984297e+02
6.088824000000000000e+06,6.135889250163888846e+02
6.089760000000000000e+06,6.136958278965461204e+02
6.090696000000000000e+06,6.137233120342905295e+02
6.091632000000000000e+06,6.136870514945206878e+02
6.092564000000000000e+06,6.136037349108371473e+02
6.093500000000000000e+06,6.134890927312076201e+02
6.094436000000000000e+06,6.133562379456222970e+02
6.095372000000000000e+06,6.132144286918701255e+02
6.096304000000000000e+06,6.130683007141708458e+02
6.097240000000000000e+06,6.129175762359001283e+02
6.098176000000000000e+06,6.127572428822495567e+02
6.099112000000000000e+06,6.125782026198772883e+02
6.100044000000000000e+06,6.123683948316488568e+02
6.100980000000000000e+06,6.121143806260286055e+02
6.101916000000000000e+06,6.118033322820689364e+02
6.102852000000000000e+06,6.114253110808867859e+02
6.103784000000000000e+06,6.109756508457666087e+02
6.104720000000000000e+06,6.104572020463422177e+02
6.105656000000000000e+06,6.098821414962402514e+02
6.106592000000000000e+06,6.092730294600993375e+02
6.107524000000000000e+06,6.086628136684089441e+02
6.108460000000000000e+06,6.080935472233546761e+02
6.109396000000000000e+06,6.076137094426292151e+02
6.110332000000000000e+06,6.072741956762096152e+02
6.111264000000000000e+06,6.071232598606345618e+02
6.112200000000000000e+06,6.072009155697797951e+02
6.113136000000000000e+06,6.075334781980512844e+02
6.114072000000000000e+06,6.081290186487921119e+02
6.115004000000000000e+06,6.089744679731157930e+02
6.115940000000000000e+06,6.100349487323794619e+02
6.116876000000000000e+06,6.112556209654835584e+02
6.117812000000000000e+06,6.125659624890208761e+02
6.118744000000000000e+06,6.138860326881850824e+02
6.119680000000000000e+06,6.151339797730452119e+02
6.120616000000000000e+06,6.162338966234034388e+02
6.121552000000000000e+06,6.171231166972755773e+02
6.122484000000000000e+06,6.177581443563261701e+02
6.123420000000000000e+06,6.181186002883245010e+02
6.124356000000000000e+06,6.182088017801337401e+02
6.125292000000000000e+06,6.180568603743497533e+02
6.126224000000000000e+06,6.177114368357755438e+02
6.127160000000000000e+06,6.172365170211249961e+02
6.128096000000000000e+06,6.167047389028314228e+02
6.129032000000000000e+06,6.161899013366021336e+02
6.129964000000000000e+06,6.157593293076167811e+02
6.130900000000000000e+06,6.154667795202141178e+02
6.131836000000000000e+06,6.153465590812483015e+02
6.132772000000000000e+06,6.154094941368907712e+02
6.133704000000000000e+06,6.156412991677303808e+02
6.134640000000000000e+06,6.160037264332050881e+02
6.135576000000000000e+06,6.164385990810241083e+02
6.136512000000000000e+06,6.168744699172095807e+02
6.137444000000000000e+06,6.172352613876063288e+02
6.138380000000000000e+06,6.174499099352575513e+02
6.139316000000000000e+06,6.174618274726317395e+02
6.140252000000000000e+06,6.172369455221556791e+02
6.141184000000000000e+06,6.167692381185082695e+02
6.142120000000000000e+06,6.160829181981066540e+02
6.143056000000000000e+06,6.152309328030140705e+02
6.143992000000000000e+06,6.142898813838417027e+02
6.144924000000000000e+06,6.133519681536893131e+02
6.145860000000000000e+06,6.125149946607075435e+02
6.146796000000000000e+06,6.118716385370989883e+02
6.147732000000000000e+06,6.114993079034063612e+02
6.148664000000000000e+06,6.114517032074879808e+02
6.149600000000000000e+06,6.117529046387346625e+02
6.150536000000000000e+06,6.123944238465719536e+02
6.151472000000000000e+06,6.133353131801951577e+02
6.152404000000000000e+06,6.145051766594899618e+02
6.153340000000000000e+06,6.158097744505184892e+02
6.154276000000000000e+06,6.171388076120492769e+02
6.155212000000000000e+06,6.183753543410313114e+02
6.156144000000000000e+06,6.194062733619291521e+02
6.157080000000000000e+06,6.201327076072174123e+02
6.158016000000000000e+06,6.204796615711630920e+02
6.158952000000000000e+06,6.204035578368346933e+02
6.159884000000000000e+06,6.198967665018177513e+02
6.160820000000000000e+06,6.189883786328234692e+02
6.161756000000000000e+06,6.177409468834272275e+02
6.162692000000000000e+06,6.162434800311220897e+02
6.163624000000000000e+06,6.146015534946139951e+02
6.164560000000000000e+06,6.129258672589386379e+02
6.165496000000000000e+06,6.113208365349915994e+02
6.166432000000000000e+06,6.098747678867269997e+02
6.167364000000000000e+06,6.086528499297419330e+02
6.168300000000000000e+06,6.076936455920354092e+02
6.169236000000000000e+06,6.070091421641986926e+02
6.170172000000000000e+06,6.065878394970224008e+02
6.171104000000000000e+06,6.063999498447215046e+02
6.172040000000000000e+06,6.064036048260066991e+02
6.172976000000000000e+06,6.065510156643849768e+02
6.173912000000000000e+06,6.067937620433502843e+02
6.174844000000000000e+06,6.070867156242429701e+02
6.175780000000000000e+06,6.073904596854786178e+02
6.176716000000000000e+06,6.076723827434637997e+02
6.177652000000000000e+06,6.079068480561769547e+02
6.178584000000000000e+06,6.080749301156079127e+02
6.179520000000000000e+06,6.081641474641168088e+02
6.180456000000000000e+06,6.081684351345576260e+02
6.181392000000000000e+06,6.080883580033611224e+02
6.182324000000000000e+06,6.079313566867215286e+02
6.183260000000000000e+06,6.077117160959529656e+02
6.184196000000000000e+06,6.074499854828846992e+02
6.185132000000000000e+06,6.071717311702834650e+02
6.186064000000000000e+06,6.069056961034250435e+02
6.187000000000000000e+06,6.066815906682541026e+02
6.187936000000000000e+06,6.065277954159598721e+02
6.188872000000000000e+06,6.064692208545087624e+02
6.189804000000000000e+06,6.065254875032221662e+02
6.190740000000000000e+06,6.067095143963591681e+02
6.191676000000000000e+06,6.070265653681740332e+02
6.192612000000000000e+06,6.074737943827392428e+02
6.193544000000000000e+06,6.080403276765314331e+02
6.194480000000000000e+06,6.087078977968902791e+02
6.195416000000000000e+06,6.094519969016201912e+02
6.196352000000000000e+06,6.102434572675166464e+02
6.197284000000000000e+06,6.110503198186634108e+02
6.198220000000000000e+06,6.118398377778918302e+02
6.199156000000000000e+06,6.125804859090853824e+02
6.200092000000000000e+06,6.132438864863473782e+02
6.201024000000000000e+06,6.138065899428285093e+02
6.201960000000000000e+06,6.142516402213999527e+02
6.202896000000000000e+06,6.145698140203625144e+02
6.203832000000000000e+06,6.147603716224324444e+02
6.204764000000000000e+06,6.148311282606778150e+02
6.205700000000000000e+06,6.147976817878129623e+02
6.206636000000000000e+06,6.146817308856410591e+02
6.207572000000000000e+06,6.145085737689605594e+02
6.208504000000000000e+06,6.143040471320188090e+02
6.209440000000000000e+06,6.140912983449674130e+02
6.210376000000000000e+06,6.138878479607319605e+02
6.211312000000000000e+06,6.137033879513326156e+02
6.212244000000000000e+06,6.135386816432750265e+02
6.213180000000000000e+06,6.133857926535499701e+02
6.214116000000000000e+06,6.132296820849259120e+02
6.215052000000000000e+06,6.130509977011431602e+02
6.215984000000000000e+06,6.128296749004680350e+02
6.216920000000000000e+06,6.125488243744725878e+02
6.217856000000000000e+06,6.121983327437943672e+02
6.218792000000000000e+06,6.117776619233451356e+02
6.219724000000000000e+06,6.112974816775792988e+02
6.220660000000000000e+06,6.107799653397403290e+02
6.221596000000000000e+06,6.102577694503215753e+02
6.222532000000000000e+06,6.097718608086717040e+02
6.223464000000000000e+06,6.093684296491911709e+02
6.224400000000000000e+06,6.090951466423688316e+02
6.225336000000000000e+06,6.089970170605604380e+02
6.226272000000000000e+06,6.091120899455057724e+02
6.227204000000000000e+06,6.094673066538766761e+02
6.228140000000000000e+06,6.100748147190573718e+02
6.229076000000000000e+06,6.109291119684852447e+02
6.230012000000000000e+06,6.120054005223722697e+02
6.230944000000000000e+06,6.132594963561371060e+02
6.231880000000000000e+06,6.146295360919494897e+02
6.232816000000000000e+06,6.160395420555195187e+02
6.233752000000000000e+06,6.174046691684011421e+02
6.234684000000000000e+06,6.186377097481721421e+02
6.235620000000000000e+06,6.196562328972163414e+02
6.236556000000000000e+06,6.203896276256781448e+02
6.237492000000000000e+06,6.207853155508214513e+02
6.238424000000000000e+06,6.208134853153076165e+02
6.239360000000000000e+06,6.204698523969373127e+02
6.240296000000000000e+06,6.197761439532902159e+02
6.241232000000000000e+06,6.187782341048574608e+02
6.242164000000000000e+06,6.175420968834731639e+02
6.243100000000000000e+06,6.161479823794981030e+02
6.244036000000000000e+06,6.146834284859810396e+02
6.244972000000000000e+06,6.132358632838397625e+02
6.245904000000000000e+06,6.118856011675782156e+02
6.246840000000000000e+06,6.106999708895656340e+02
6.247776000000000000e+06,6.097291400217046657e+02
6.248712000000000000e+06,6.090039500871064320e+02
6.249644000000000000e+06,6.085358016151711809e+02
6.250580000000000000e+06,6.083183797553408567e+02
6.251516000000000000e+06,6.083308222024144243e+02
6.252452000000000000e+06,6.085418152008945754e+02
6.253384000000000000e+06,6.089140600722464569e+02
6.254320000000000000e+06,6.094085746678691748e+02
6.255256000000000000e+06,6.099883718681095388e+02
6.256192000000000000e+06,6.106211818831235405e+02
6.257124000000000000e+06,6.112810440221700219e+02
6.258060000000000000e+06,6.119487635280132736e+02
6.258996000000000000e+06,6.126113792813722512e+02
6.259932000000000000e+06,6.132608921305244394e+02
6.260864000000000000e+06,6.138925475978288659e+02
6.261800000000000000e+06,6.145029533014414937e+02
6.262736000000000000e+06,6.150882600354839269e+02
6.263668000000000000e+06,6.156425751638021211e+02
6.264604000000000000e+06,6.161567309537035726e+02
6.265540000000000000e+06,6.166175052992558676e+02
6.266476000000000000e+06,6.170073813645669816e+02
6.267412000000000000e+06,6.173049257483299925e+02
6.268344000000000000e+06,6.174858521369631035e+02
6.269280000000000000e+06,6.175248077704468415e+02
6.270216000000000000e+06,6.173978596191517454e+02
6.271152000000000000e+06,6.170855571518713987e+02
6.272084000000000000e+06,6.165763166001179343e+02
6.273020000000000000e+06,6.158697345646362464e+02
6.273956000000000000e+06,6.149793335319589005e+02
6.274892000000000000e+06,6.139342047104476023e+02
6.275824000000000000e+06,6.127790740677038457e+02
6.276760000000000000e+06,6.115724882017201480e+02
6.277696000000000000e+06,6.103830790465202654e+02
6.278632000000000000e+06,6.092841681350381577e+02
6.279564000000000000e+06,6.083472457504159365e+02
6.280500000000000000e+06,6.076350537703772261e+02
6.281436000000000000e+06,6.071950863921686050e+02
6.282372000000000000e+06,6.070542995410427238e+02
6.283304000000000000e+06,6.072157038232381865e+02
6.284240000000000000e+06,6.076573284825635710e+02
6.285176000000000000e+06,6.083338020279248894e+02
6.286112000000000000e+06,6.091805115991311368e+02
6.287044000000000000e+06,6.101199937786349210e+02
6.287980000000000000e+06,6.110699038152182538e+02
6.288916000000000000e+06,6.119516537837583883e+02
6.289852000000000000e+06,6.126986561506179214e+02
6.290784000000000000e+06,6.132631016055240707e+02
6.291720000000000000e+06,6.136203597540483088e+02
6.292656000000000000e+06,6.137704078996237058e+02
6.293592000000000000e+06,6.137361207439942064e+02
6.294524000000000000e+06,6.135587153742660576e+02
6.295460000000000000e+06,6.132910533049810056e+02
6.296396000000000000e+06,6.129897831421864112e+02
6.297332000000000000e+06,6.127074248230555895e+02
6.298264000000000000e+06,6.124854417857316093e+02
6.299200000000000000e+06,6.123491387567422635e+02
6.300136000000000000e+06,6.123049033851120839e+02
6.301072000000000000e+06,6.123399468880809309e+02
6.302004000000000000e+06,6.124243688651041566e+02
6.302940000000000000e+06,6.125151337111025214e+02
6.303876000000000000e+06,6.125614179638409951e+02
6.304812000000000000e+06,6.125107416833120624e+02
6.305744000000000000e+06,6.123152846359949990e+02
6.306680000000000000e+06,6.119377790462197026e+02
6.307616000000000000e+06,6.113563725733686169e+02
6.308552000000000000e+06,6.105679035069605334e+02
6.309484000000000000e+06,6.095891612834849411e+02
6.310420000000000000e+06,6.084559332591121574e+02
6.311356000000000000e+06,6.072199419566095457e+02
6.312292000000000000e+06,6.059440980550870108e+02
6.313224000000000000e+06,6.046967534014113426e+02
6.314160000000000000e+06,6.035457609381793418e+02
6.315096000000000000e+06,6.025530962817940690e+02
6.316032000000000000e+06,6.017705872152137090e+02
6.316964000000000000e+06,6.012370063309623447e+02
6.317900000000000000e+06,6.009765084077475876e+02
6.318836000000000000e+06,6.009982190955863643e+02
6.319772000000000000e+06,6.012967307035914928e+02
6.320704000000000000e+06,6.018532972995917589e+02
6.321640000000000000e+06,6.026375744260814145e+02
6.322576000000000000e+06,6.036097611589048029e+02
6.323512000000000000e+06,6.047229639650353192e+02
6.324444000000000000e+06,6.059255526375469572e+02
6.325380000000000000e+06,6.071632782984627283e+02
6.326316000000000000e+06,6.083810073223563677e+02
6.327248000000000000e+06,6.095240753337147908e+02
6.328184000000000000e+06,6.105394218179711743e+02
6.329120000000000000e+06,6.113767648273912982e+02
6.330056000000000000e+06,6.119900847629635336e+02
6.330992000000000000e+06,6.123396113202408060e+02
6.331924000000000000e+06,6.123943718198490842e+02
6.332860000000000000e+06,6.121351853674896120e+02
6.333796000000000000e+06,6.115577973743307894e+02
6.334732000000000000e+06,6.106756758804698393e+02
6.335664000000000000e+06,6.095218847691924111e+02
6.336600000000000000e+06,6.081494604029234097e+02
6.337540000000000000e+06,6.066298694654892643e+02
6.338472000000000000e+06,6.050493903986540545e+02
6.339404000000000000e+06,6.035035747165844668e+02
6.340340000000000000e+06,6.020902389948158770e+02
6.341276000000000000e+06,6.009016665491345748e+02
6.342212000000000000e+06,6.000168373705034810e+02
6.343144000000000000e+06,5.994945471944075734e+02
6.344080000000000000e+06,5.993682188910710238e+02
6.345016000000000000e+06,5.996430516843354326e+02
6.345952000000000000e+06,6.002958990790723419e+02
6.346884000000000000e+06,6.012779299142890750e+02
6.347820000000000000e+06,6.025197523033242533e+02
6.348756000000000000e+06,6.039383436768389402e+02
6.349692000000000000e+06,6.054449152348338430e+02
6.350624000000000000e+06,6.069527934408050669e+02
6.351560000000000000e+06,6.083845094958312529e+02
6.352496000000000000e+06,6.096774838608889695e+02
6.353432000000000000e+06,6.107879017995035156e+02
6.354364000000000000e+06,6.116925552467395164e+02
6.355300000000000000e+06,6.123885798385139196e+02
6.356236000000000000e+06,6.128911724812214743e+02
6.357172000000000000e+06,6.132295534220371565e+02
6.358104000000000000e+06,6.134416283523913762e+02
6.359048000000000000e+06,6.135679807933570373e+02
6.359976000000000000e+06,6.136459460927428609e+02
6.360912000000000000e+06,6.137045481694962064e+02
6.361844000000000000e+06,6.137609880768287667e+02
6.362780000000000000e+06,6.138191544643741508e+02
6.363716000000000000e+06,6.138703146194084184e+02
6.364652000000000000e+06,6.138958058550776968e+02
6.365584000000000000e+06,6.138712490999199645e+02
6.366520000000000000e+06,6.137715984663700510e+02
6.367456000000000000e+06,6.135762427022723386e+02
6.368392000000000000e+06,6.132733839806688820e+02
6.369324000000000000e+06,6.128630258623613827e+02
6.370260000000000000e+06,6.123580986396887056e+02
6.371196000000000000e+06,6.117835262108080769e+02
6.372132000000000000e+06,6.111733619658347152e+02
6.373064000000000000e+06,6.105664345407476503e+02
6.374000000000000000e+06,6.100011844579905755e+02
6.374936000000000000e+06,6.095104940657598718e+02
6.375872000000000000e+06,6.091172978669299027e+02
6.376804000000000000e+06,6.088316159619946575e+02
6.377740000000000000e+06,6.086494105031753179e+02
6.378676000000000000e+06,6.085533749922974494e+02
6.379612000000000000e+06,6.085154900052501716e+02
6.380552000000000000e+06,6.085009667806476727e+02
6.381480000000000000e+06,6.084730738682560514e+02
6.382416000000000000e+06,6.083982925090197114e+02
6.383352000000000000e+06,6.082512470911191258e+02
6.384284000000000000e+06,6.080188845927891634e+02
6.385220000000000000e+06,6.077034248256919682e+02
6.386156000000000000e+06,6.073236805866997656e+02
6.387092000000000000e+06,6.069144682644270006e+02
6.388024000000000000e+06,6.065240047789849314e+02
6.388960000000000000e+06,6.062094107833351018e+02
6.389896000000000000e+06,6.060306877682432969e+02
6.390832000000000000e+06,6.060437689484865587e+02
6.391764000000000000e+06,6.062934186831870420e+02
6.392700000000000000e+06,6.068068360765357738e+02
6.393636000000000000e+06,6.075887813223914691e+02
6.394572000000000000e+06,6.086188874240036739e+02
6.395504000000000000e+06,6.098515699000622590e+02
6.396440000000000000e+06,6.112186395915499588e+02
6.397376000000000000e+06,6.126343941669143760e+02
6.398312000000000000e+06,6.140026533811179661e+02
6.399244000000000000e+06,6.152249688593093424e+02
6.400180000000000000e+06,6.162091386290261426e+02
6.401116000000000000e+06,6.168772088718658324e+02
6.402056000000000000e+06,6.171723101464577894e+02
6.402984000000000000e+06,6.170638749296357446e+02
6.403920000000000000e+06,6.165509479157356054e+02
6.404856000000000000e+06,6.156634012037100092e+02
6.405792000000000000e+06,6.144609212097177533e+02
6.406724000000000000e+06,6.130296924756352155e+02
6.407660000000000000e+06,6.114768178452052325e+02
6.408596000000000000e+06,6.099227061918344361e+02
6.409532000000000000e+06,6.084918999387446092e+02
6.410464000000000000e+06,6.073030401891643351e+02
6.411400000000000000e+06,6.064588130520015739e+02
6.412336000000000000e+06,6.060367585274610747e+02
6.413268000000000000e+06,6.060817701211383337e+02
6.414204000000000000e+06,6.066010080461029474e+02
6.415140000000000000e+06,6.075618151607415030e+02
6.416076000000000000e+06,6.088930502526337705e+02
6.417012000000000000e+06,6.104900024863452472e+02
6.417944000000000000e+06,6.122227037304558053e+02
6.418880000000000000e+06,6.139470392571826096e+02
6.419816000000000000e+06,6.155176457565645478e+02
6.420752000000000000e+06,6.168012708264558341e+02
6.421684000000000000e+06,6.176891276616988762e+02
6.422620000000000000e+06,6.181068521927583106e+02
6.423560000000000000e+06,6.180209479391585319e+02
6.424488000000000000e+06,6.174410315412483214e+02
6.425424000000000000e+06,6.164176883854923972e+02
6.426360000000000000e+06,6.150362332567476642e+02
6.427296000000000000e+06,6.134070904408117713e+02
6.428232000000000000e+06,6.116538381081519447e+02
6.429164000000000000e+06,6.099001985021224073e+02
6.430100000000000000e+06,6.082573884942501081e+02
6.431036000000000000e+06,6.068132484285673627e+02
6.431972000000000000e+06,6.056244118439269641e+02
6.432904000000000000e+06,6.047124553176892050e+02
6.433840000000000000e+06,6.040644982283548643e+02
6.434776000000000000e+06,6.036381566699000132e+02
6.435712000000000000e+06,6.033701656465821088e+02
6.436644000000000000e+06,6.031874587473195106e+02
6.437580000000000000e+06,6.030191330014470168e+02
6.438516000000000000e+06,6.028076086703338206e+02
6.439452000000000000e+06,6.025174470129068141e+02
6.440384000000000000e+06,6.021406746686602673e+02
6.441320000000000000e+06,6.016979959862992473e+02
6.442256000000000000e+06,6.012358592787339830e+02
6.443192000000000000e+06,6.008198986118017046e+02
6.444124000000000000e+06,6.005257351268986667e+02
6.445068000000000000e+06,6.004284375397618305e+02
6.445996000000000000e+06,6.005920685679108146e+02
6.446928000000000000e+06,6.010606651531680882e+02
6.447864000000000000e+06,6.018517356339407343e+02
6.448800000000000000e+06,6.029529630149677359e+02
6.449736000000000000e+06,6.043223545444008096e+02
6.450672000000000000e+06,6.058916435392812900e+02
6.451604000000000000e+06,6.075723822284770677e+02
6.452540000000000000e+06,6.092638995327023395e+02
6.453476000000000000e+06,6.108621569824782682e+02
6.454412000000000000e+06,6.122685269287931078e+02
6.455344000000000000e+06,6.133976284432091006e+02
6.456280000000000000e+06,6.141835569485831456e+02
6.457216000000000000e+06,6.145840907698618594e+02
6.458148000000000000e+06,6.145827081783425001e+02
6.459084000000000000e+06,6.141884695302115915e+02
6.460020000000000000e+06,6.134339965535215242e+02
6.460956000000000000e+06,6.123719179643303505e+02
6.461892000000000000e+06,6.110702545067173332e+02
6.462824000000000000e+06,6.096072808733702004e+02
6.463760000000000000e+06,6.080664046703067243e+02
6.464696000000000000e+06,6.065315235566231422e+02
6.465632000000000000e+06,6.050831631560602091e+02
6.466572000000000000e+06,6.037954909589046792e+02
6.467500000000000000e+06,6.027340968990430383e+02
6.468436000000000000e+06,6.019542864356687915e+02
6.469372000000000000e+06,6.014995876343949703e+02
6.470304000000000000e+06,6.014002395086833985e+02
6.471240000000000000e+06,6.016715832209872588e+02
6.472176000000000000e+06,6.023124775365072310e+02
6.473112000000000000e+06,6.033040505551635988e+02
6.474044000000000000e+06,6.046092259445928221e+02
6.474980000000000000e+06,6.061734792117346160e+02
6.475916000000000000e+06,6.079271646665107482e+02
6.476852000000000000e+06,6.097895156838155799e+02
6.477784000000000000e+06,6.116741085313090025e+02
6.478720000000000000e+06,6.134952706631146384e+02
6.479656000000000000e+06,6.151746824287386062e+02
6.480592000000000000e+06,6.166473129162664009e+02
6.481524000000000000e+06,6.178658649883010412e+02
6.482460000000000000e+06,6.188030854214442797e+02
6.483396000000000000e+06,6.194516110958718400e+02
6.484332000000000000e+06,6.198214279023731024e+02
6.485264000000000000e+06,6.199354354325305394e+02
6.486200000000000000e+06,6.198239400230976344e+02
6.487136000000000000e+06,6.195190615563757319e+02
6.488076000000000000e+06,6.190500039079099679e+02
6.489004000000000000e+06,6.184399287358021411e+02
6.489940000000000000e+06,6.177048488488735529e+02
6.491812000000000000e+06,6.168545913486849486e+02
6.492744000000000000e+06,6.158955296839645825e+02
6.493680000000000000e+06,6.148344873224622233e+02
6.494616000000000000e+06,6.136830074864385551e+02
6.495552000000000000e+06,6.124611021709665692e+02
6.496484000000000000e+06,6.111996739339791702e+02
6.497420000000000000e+06,6.099410467009447530e+02
6.498356000000000000e+06,6.087373952736107867e+02
6.499288000000000000e+06,6.076472388448480615e+02
6.500224000000000000e+06,6.067304771554088347e+02
6.501160000000000000e+06,6.060426486353770770e+02
6.502096000000000000e+06,6.056291636663779627e+02
6.503032000000000000e+06,6.055202247429048157e+02
6.503964000000000000e+06,6.057270209895852986e+02
6.504900000000000000e+06,6.062396205810624679e+02
6.505836000000000000e+06,6.070268143686985240e+02
6.506772000000000000e+06,6.080379940002961803e+02
6.507704000000000000e+06,6.092069660943732288e+02
6.508640000000000000e+06,6.104574043716165761e+02
6.509580000000000000e+06,6.117094379837941460e+02
6.510508000000000000e+06,6.128866963359610054e+02
6.511444000000000000e+06,6.139230125541797634e+02
6.512380000000000000e+06,6.147679607243537703e+02
6.513316000000000000e+06,6.153904913303758804e+02
6.514252000000000000e+06,6.157801479825188835e+02
6.515184000000000000e+06,6.159456854991154842e+02
6.516120000000000000e+06,6.159113179832875176e+02
6.517056000000000000e+06,6.157112247403182437e+02
6.517992000000000000e+06,6.153832376512451674e+02
6.518924000000000000e+06,6.149627524675894392e+02
6.519860000000000000e+06,6.144778240228387176e+02
6.520796000000000000e+06,6.139461529703585256e+02
6.521732000000000000e+06,6.133743184107491970e+02
6.522664000000000000e+06,6.127592348563570113e+02
6.523600000000000000e+06,6.120914787300939679e+02
6.524536000000000000e+06,6.113598804883833964e+02
6.525472000000000000e+06,6.105566297072642783e+02
6.526404000000000000e+06,6.096820913321678290e+02
6.527340000000000000e+06,6.087485757162905884e+02
6.528276000000000000e+06,6.077824350723251428e+02
6.529212000000000000e+06,6.068240598829850114e+02
6.530144000000000000e+06,6.059255987218542714e+02
6.531088000000000000e+06,6.051465021334780658e+02
6.532016000000000000e+06,6.045472799180904531e+02
6.532952000000000000e+06,6.041821464057256890e+02
6.533884000000000000e+06,6.040914826341089565e+02
6.534820000000000000e+06,6.042952169516577214e+02
6.535756000000000000e+06,6.047882463258140433e+02
6.536692000000000000e+06,6.055388253030713486e+02
6.537624000000000000e+06,6.064904185574594067e+02
6.538560000000000000e+06,6.075669034163601054e+02
6.539496000000000000e+06,6.086803575090283402e+02
6.540432000000000000e+06,6.097401529475750976e+02
6.541364000000000000e+06,6.106618566925632194e+02
6.542300000000000000e+06,6.113745728999443827e+02
6.543236000000000000e+06,6.118258092237063011e+02
6.544172000000000000e+06,6.119835662704552988e+02
6.545104000000000000e+06,6.118359583172687053e+02
6.546040000000000000e+06,6.113891088244547518e+02
6.546976000000000000e+06,6.106642227332159791e+02
6.547912000000000000e+06,6.096946113233166216e+02
6.548844000000000000e+06,6.085231257597095009e+02
6.549780000000000000e+06,6.072000899878048585e+02
6.550716000000000000e+06,6.057815453820762741e+02
6.551652000000000000e+06,6.043274938345205101e+02
6.552592000000000000e+06,6.028998462552946194e+02
6.553520000000000000e+06,6.015599050467001234e+02
6.554456000000000000e+06,6.003653852487965423e+02
6.555392000000000000e+06,5.993671727253903327e+02
6.557260000000000000e+06,5.986061891522313090e+02
6.558196000000000000e+06,5.981108290883857990e+02
6.559132000000000000e+06,5.978954037628217293e+02
6.560064000000000000e+06,5.979598591824850473e+02
6.561000000000000000e+06,5.982907799968816107e+02
6.561936000000000000e+06,5.988634278126066874e+02
6.562872000000000000e+06,5.996443723582450502e+02
6.563804000000000000e+06,6.005942060396348552e+02
6.564740000000000000e+06,6.016699003950411679e+02
6.565676000000000000e+06,6.028265432727134794e+02
6.566612000000000000e+06,6.040184317577223965e+02
6.567544000000000000e+06,6.051997131703645891e+02
6.568480000000000000e+06,6.063248988531424857e+02
6.569416000000000000e+06,6.073495919964661880e+02
6.570352000000000000e+06,6.082316815778343653e+02
6.571284000000000000e+06,6.089330955543074424e+02
6.572220000000000000e+06,6.094220222976217656e+02
6.573156000000000000e+06,6.096753466882579460e+02
6.574096000000000000e+06,6.096809506239226266e+02
6.575024000000000000e+06,6.094395249834119568e+02
6.575960000000000000e+06,6.089656269877998511e+02
6.576896000000000000e+06,6.082878535153012081e+02
6.577832000000000000e+06,6.074481279157728295e+02
6.578764000000000000e+06,6.065001662456077156e+02
6.579700000000000000e+06,6.055071879930646901e+02
6.580636000000000000e+06,6.045389007916734272e+02
6.581572000000000000e+06,6.036677749734918734e+02
6.582504000000000000e+06,6.029646736242619909e+02
6.583440000000000000e+06,6.024940202107143250e+02
6.584376000000000000e+06,6.023088381764940777e+02
6.585308000000000000e+06,6.024461401952473807e+02
6.586244000000000000e+06,6.029232331635990931e+02
6.587180000000000000e+06,6.037354960295691626e+02
6.588116000000000000e+06,6.048560526490914526e+02
6.589052000000000000e+06,6.062375091671520977e+02
6.589984000000000000e+06,6.078156138163836886e+02
6.590920000000000000e+06,6.095144165516693420e+02
6.591856000000000000e+06,6.112523310362842039e+02
6.592792000000000000e+06,6.129484533124821155e+02
6.593724000000000000e+06,6.145285362584024824e+02
6.594660000000000000e+06,6.159300993646390907e+02
6.595600000000000000e+06,6.171062314936045823e+02
6.596528000000000000e+06,6.180277276609850787e+02
6.597464000000000000e+06,6.186833295820042622e+02
6.598400000000000000e+06,6.190780421535692994e+02
6.599336000000000000e+06,6.192297567058293453e+02
6.600272000000000000e+06,6.191646706301188487e+02
6.601204000000000000e+06,6.189121909754852595e+02
6.602140000000000000e+06,6.185001045705253091e+02
6.603076000000000000e+06,6.179507676884413740e+02
6.604012000000000000e+06,6.172789119004286249e+02
6.604944000000000000e+06,6.164914013642550117e+02
6.605880000000000000e+06,6.155889571144911088e+02
6.606816000000000000e+06,6.145695446569618525e+02
6.607748000000000000e+06,6.134328538594296560e+02
6.608684000000000000e+06,6.121851175982055793e+02
6.609620000000000000e+06,6.108434336224385106e+02
6.610556000000000000e+06,6.094387820859801650e+02
6.611492000000000000e+06,6.080170793391889674e+02
6.612424000000000000e+06,6.066378776727715376e+02
6.613360000000000000e+06,6.053706810441882453e+02
6.614296000000000000e+06,6.042892313946023251e+02
6.615232000000000000e+06,6.034644463166113155e+02
6.616164000000000000e+06,6.029568926504828141e+02
6.617108000000000000e+06,6.028097380705896740e+02
6.618036000000000000e+06,6.030430470317949130e+02
6.618972000000000000e+06,6.036501119912484228e+02
6.619904000000000000e+06,6.045962743239730344e+02
6.620840000000000000e+06,6.058204276795834176e+02
6.622712000000000000e+06,6.072391351548014882e+02
6.623644000000000000e+06,6.087530402063821384e+02
6.624580000000000000e+06,6.102550117494530468e+02
6.625516000000000000e+06,6.116392507247893491e+02
6.626452000000000000e+06,6.128104350267392419e+02
6.627384000000000000e+06,6.136919370500482955e+02
6.628320000000000000e+06,6.142322406639649444e+02
6.629256000000000000e+06,6.144089032749061516e+02
6.630192000000000000e+06,6.142297100957443945e+02
6.631124000000000000e+06,6.137309938537134713e+02
6.632060000000000000e+06,6.129733947292895664e+02
6.632996000000000000e+06,6.120355807326634476e+02
6.633932000000000000e+06,6.110066208687462677e+02
6.634864000000000000e+06,6.099777957276643292e+02
6.635800000000000000e+06,6.090346434529063799e+02
6.636736000000000000e+06,6.082499769596137185e+02
6.637672000000000000e+06,6.076784756717665914e+02
6.638612000000000000e+06,6.073532645725854309e+02
6.639540000000000000e+06,6.072846714252997344e+02
6.640476000000000000e+06,6.074611331496453204e+02
6.641412000000000000e+06,6.078520294033178288e+02
6.642344000000000000e+06,6.084120639503523762e+02
6.643280000000000000e+06,6.090866924341119102e+02
6.644216000000000000e+06,6.098180115358790090e+02
6.645152000000000000e+06,6.105504873524562299e+02
6.646084000000000000e+06,6.112359201003101816e+02
6.647020000000000000e+06,6.118371264860564906e+02
6.647956000000000000e+06,6.123299744530999078e+02
6.648892000000000000e+06,6.127036228981565955e+02
6.649824000000000000e+06,6.129590819891707270e+02
6.650760000000000000e+06,6.131064777593632016e+02
6.651696000000000000e+06,6.131616177486371271e+02
6.652632000000000000e+06,6.131425497898029562e+02
6.653564000000000000e+06,6.130667470387262483e+02
6.654500000000000000e+06,6.129493509127742072e+02
6.655436000000000000e+06,6.128026168258569442e+02
6.656368000000000000e+06,6.126364113484162317e+02
6.657304000000000000e+06,6.124593722711103965e+02
6.658240000000000000e+06,6.122802174088097900e+02
6.659176000000000000e+06,6.121087059988816463e+02
6.660116000000000000e+06,6.119559149642482225e+02
6.661044000000000000e+06,6.118337394655172830e+02
6.661980000000000000e+06,6.117537756984118005e+02
6.662916000000000000e+06,6.117259065128469047e+02
6.663852000000000000e+06,6.117569370102701214e+02
6.664784000000000000e+06,6.118495265287831444e+02
6.665720000000000000e+06,6.120014991031323461e+02
6.666656000000000000e+06,6.122054736264665280e+02
6.667592000000000000e+06,6.124487030202664073e+02
6.668524000000000000e+06,6.127130604246952998e+02
6.669460000000000000e+06,6.129752159658297614e+02
6.670396000000000000e+06,6.132071400348253292e+02
6.671332000000000000e+06,6.133770942119385836e+02
6.672264000000000000e+06,6.134512183444799120e+02
6.673200000000000000e+06,6.133957199587716786e+02
6.674136000000000000e+06,6.131795589935441058e+02
6.675072000000000000e+06,6.127774218410244202e+02
6.676004000000000000e+06,6.121727032435154570e+02
6.676940000000000000e+06,6.113601690162807927e+02
6.677876000000000000e+06,6.103479661543818793e+02
6.678812000000000000e+06,6.091586869888668616e+02
6.679744000000000000e+06,6.078292807769565798e+02
6.680680000000000000e+06,6.064097297085364744e+02
6.681620000000000000e+06,6.049605446777025008e+02
6.682548000000000000e+06,6.035492585376879333e+02
6.683484000000000000e+06,6.022461771626459495e+02
6.684420000000000000e+06,6.011196904713494860e+02
6.685356000000000000e+06,6.002314667248425621e+02
6.686292000000000000e+06,5.996318761206256340e+02
6.687224000000000000e+06,5.993560184105039070e+02
6.688160000000000000e+06,5.994207445408160311e+02
6.689096000000000000e+06,5.998230323735240290e+02
6.690032000000000000e+06,6.005399779015776858e+02
6.690964000000000000e+06,6.015304951433389533e+02
6.691900000000000000e+06,6.027386027352185920e+02
6.692836000000000000e+06,6.040979535654146275e+02
6.693772000000000000e+06,6.055370863574772784e+02
6.694704000000000000e+06,6.069847923612784371e+02
6.695640000000000000e+06,6.083750211126571230e+02
6.696576000000000000e+06,6.096508862508943594e+02
6.697512000000000000e+06,6.107675337969203611e+02
6.698444000000000000e+06,6.116938438901702284e+02
6.699380000000000000e+06,6.124130978084072012e+02
6.700316000000000000e+06,6.129228161965651225e+02
6.701252000000000000e+06,6.132339506702621748e+02
6.702184000000000000e+06,6.133695140070284424e+02
6.703124000000000000e+06,6.133626191440497450e+02
6.704056000000000000e+06,6.132538280710566596e+02
6.704992000000000000e+06,6.130877341620200696e+02
6.705924000000000000e+06,6.129088248779542027e+02
6.706860000000000000e+06,6.127568657578178772e+02
6.707796000000000000e+06,6.126622522437389762e+02
6.708732000000000000e+06,6.126419267149946108e+02
6.709664000000000000e+06,6.126965028235408681e+02
6.710600000000000000e+06,6.128091560959758226e+02
6.711536000000000000e+06,6.129466396529438725e+02
6.712472000000000000e+06,6.130625044022317525e+02
6.713404000000000000e+06,6.131022945653996885e+02
6.714340000000000000e+06,6.130101979104558723e+02
6.715276000000000000e+06,6.127363907745317420e+02
6.716212000000000000e+06,6.122441627681788532e+02
6.717144000000000000e+06,6.115158681567552321e+02
6.718080000000000000e+06,6.105568541829079550e+02
6.719016000000000000e+06,6.093967593469911890e+02
6.719952000000000000e+06,6.080879234619206954e+02
6.720884000000000000e+06,6.067010484100225085e+02
6.721820000000000000e+06,6.053186266463607126e+02
6.722756000000000000e+06,6.040269513238024501e+02
6.723692000000000000e+06,6.029076916570463709e+02
6.724628000000000000e+06,6.020300398188295503e+02
6.725560000000000000e+06,6.014443222598928287e+02
6.726496000000000000e+06,6.011777546150052558e+02
6.727432000000000000e+06,6.012327470667925127e+02
6.728364000000000000e+06,6.015878660265141207e+02
6.729300000000000000e+06,6.022012460625469430e+02
6.730236000000000000e+06,6.030159466650045488e+02
6.731172000000000000e+06,6.039665051699156493e+02
6.732104000000000000e+06,6.049858042303474122e+02
6.733040000000000000e+06,6.060113867467740647e+02
6.733976000000000000e+06,6.069905107621789284e+02
6.734912000000000000e+06,6.078834991487875641e+02
6.735844000000000000e+06,6.086652381652189661e+02
6.736780000000000000e+06,6.093249456889120665e+02
6.737716000000000000e+06,6.098645107413145752e+02
6.738652000000000000e+06,6.102957844112473822e+02
6.739584000000000000e+06,6.106372081116559229e+02
6.740520000000000000e+06,6.109101538110352294e+02
6.741456000000000000e+06,6.111353624095884243e+02
6.742388000000000000e+06,6.113298950988129263e+02
6.743324000000000000e+06,6.115050120737805628e+02
6.744260000000000000e+06,6.116653105368193337e+02
6.745196000000000000e+06,6.118092678094246821e+02
6.746132000000000000e+06,6.119310731596244750e+02
6.747064000000000000e+06,6.120233612281786009e+02
6.748000000000000000e+06,6.120802584498399028e+02
6.748936000000000000e+06,6.121000772773255676e+02
6.749872000000000000e+06,6.120870582759495164e+02
6.750804000000000000e+06,6.120517488788188984e+02
6.751740000000000000e+06,6.120098784445463025e+02
6.752676000000000000e+06,6.119798882830286857e+02
6.753612000000000000e+06,6.119795447707817857e+02
6.754544000000000000e+06,6.120222538698220660e+02
6.755480000000000000e+06,6.121137748241251302e+02
6.756416000000000000e+06,6.122499874947430953e+02
6.757348000000000000e+06,6.124162061641613946e+02
6.758284000000000000e+06,6.125882762975850255e+02
6.759220000000000000e+06,6.127353858768872215e+02
6.760156000000000000e+06,6.128242285683406863e+02
6.761092000000000000e+06,6.128239227182959894e+02
6.762024000000000000e+06,6.127109470650982530e+02
6.762960000000000000e+06,6.124733154365272867e+02
6.763896000000000000e+06,6.121132899783210632e+02
6.764832000000000000e+06,6.116481304869585074e+02
6.765764000000000000e+06,6.111086781232609155e+02
6.766700000000000000e+06,6.105359256039662341e+02
6.767636000000000000e+06,6.099760616090825351e+02
6.768572000000000000e+06,6.094747222266570361e+02
6.769504000000000000e+06,6.090712844806008661e+02
6.770440000000000000e+06,6.087939803323047272e+02
6.771376000000000000e+06,6.086564207369078758e+02
6.772312000000000000e+06,6.086558595733251877e+02
6.773244000000000000e+06,6.087732700845411955e+02
6.774180000000000000e+06,6.089751106132951008e+02
6.775116000000000000e+06,6.092165448207309737e+02
6.776052000000000000e+06,6.094458346032384952e+02
6.776984000000000000e+06,6.096095935333897842e+02
6.777920000000000000e+06,6.096585313252420519e+02
6.778856000000000000e+06,6.095532271440380327e+02
6.779788000000000000e+06,6.092693721675765346e+02
6.780724000000000000e+06,6.088018689636464842e+02
6.781660000000000000e+06,6.081672117285346530e+02
6.782596000000000000e+06,6.074037201687510787e+02
6.783532000000000000e+06,6.065694481420086959e+02
6.784464000000000000e+06,6.057378846621863886e+02
6.785400000000000000e+06,6.049918371347260972e+02
6.786336000000000000e+06,6.044160754350368734e+02
6.787272000000000000e+06,6.040894040275105681e+02
6.788204000000000000e+06,6.040768464986970230e+02
6.789140000000000000e+06,6.044226178122559077e+02
6.790076000000000000e+06,6.051445470399661417e+02
6.791012000000000000e+06,6.062305800549244168e+02
6.791944000000000000e+06,6.076378945046409399e+02
6.792880000000000000e+06,6.092949592541165202e+02
6.793816000000000000e+06,6.111065597158365108e+02
6.794752000000000000e+06,6.129614277453009663e+02
6.795684000000000000e+06,6.147417399247468666e+02
6.796620000000000000e+06,6.163334722118589752e+02
6.797556000000000000e+06,6.176364840509377245e+02
6.798492000000000000e+06,6.185732606603057775e+02
6.799424000000000000e+06,6.190954347051463174e+02
6.800360000000000000e+06,6.191874910856703309e+02
6.801296000000000000e+06,6.188673927738666407e+02
6.802232000000000000e+06,6.181842170504933165e+02
6.803164000000000000e+06,6.172132123276636548e+02
6.804100000000000000e+06,6.160489159602623204e+02
6.805036000000000000e+06,6.147970687710825359e+02
6.805972000000000000e+06,6.135660248211328280e+02
6.806904000000000000e+06,6.124582396271517837e+02
6.807840000000000000e+06,6.115623048890631708e+02
6.808776000000000000e+06,6.109459419695240285e+02
6.809712000000000000e+06,6.106503822610967518e+02
6.810644000000000000e+06,6.106866165801964144e+02
6.811580000000000000e+06,6.110340230532542591e+02
6.812516000000000000e+06,6.116418065420689345e+02
6.813452000000000000e+06,6.124334440844986602e+02
6.814384000000000000e+06,6.133139300756001830e+02
6.815320000000000000e+06,6.141791316052459706e+02
6.816256000000000000e+06,6.149261389523290973e+02
6.817192000000000000e+06,6.154632771872936701e+02
6.818124000000000000e+06,6.157185241248628245e+02
6.819060000000000000e+06,6.156454428174165514e+02
6.819996000000000000e+06,6.152262565531020755e+02
6.820932000000000000e+06,6.144721876228825295e+02
6.821864000000000000e+06,6.134214988256770766e+02
6.822800000000000000e+06,6.121357715967789090e+02
6.823736000000000000e+06,6.106948860003243453e+02
6.824672000000000000e+06,6.091910490861336029e+02
6.825604000000000000e+06,6.077221482956241516e+02
6.826540000000000000e+06,6.063847261553348744e+02
6.827476000000000000e+06,6.052669601413061855e+02
6.828412000000000000e+06,6.044421311003499113e+02
6.829344000000000000e+06,6.039631182443986290e+02
6.830280000000000000e+06,6.038584358305585056e+02
6.831216000000000000e+06,6.041302241532332573e+02
6.832152000000000000e+06,6.047544437029317805e+02
6.833084000000000000e+06,6.056833179093825947e+02
6.834020000000000000e+06,6.068498425807553076e+02
6.834956000000000000e+06,6.081739455349852506e+02
6.835892000000000000e+06,6.095696679583161313e+02
6.836824000000000000e+06,6.109525927611836096e+02
6.837760000000000000e+06,6.122467029569324950e+02
6.838696000000000000e+06,6.133899294966219031e+02
6.839632000000000000e+06,6.143378298813764786e+02
6.840564000000000000e+06,6.150650954318487038e+02
6.841500000000000000e+06,6.155648804791206885e+02
6.842436000000000000e+06,6.158462444415989694e+02
6.843372000000000000e+06,6.159302561004940344e+02
6.844304000000000000e+06,6.158454796559797160e+02
6.845240000000000000e+06,6.156236008605962979e+02
6.846176000000000000e+06,6.152958425975380123e+02
6.847112000000000000e+06,6.148905875409271857e+02
6.848044000000000000e+06,6.144323295929616506e+02
6.848980000000000000e+06,6.139417876574538013e+02
6.849916000000000000e+06,6.134368022610426578e+02
6.850852000000000000e+06,6.129335462591567421e+02
6.851784000000000000e+06,6.124476290986605136e+02
6.852720000000000000e+06,6.119948259877708097e+02
6.853656000000000000e+06,6.115913462100216975e+02
6.854588000000000000e+06,6.112536914167185387e+02
6.855524000000000000e+06,6.109982022013481355e+02
6.856460000000000000e+06,6.108403590907466878e+02
6.857396000000000000e+06,6.107938415771368454e+02
6.858332000000000000e+06,6.108693144671572099e+02
6.859264000000000000e+06,6.110729425522000611e+02
6.860200000000000000e+06,6.114047324816436912e+02
6.861136000000000000e+06,6.118569274136889362e+02
6.862072000000000000e+06,6.124127795564178314e+02
6.863004000000000000e+06,6.130460514399552494e+02
6.863940000000000000e+06,6.137215313997161275e+02
6.864876000000000000e+06,6.143967065240542524e+02
6.865812000000000000e+06,6.150245513340215666e+02
6.866744000000000000e+06,6.155572010730135162e+02
6.867680000000000000e+06,6.159501154239379730e+02
6.868616000000000000e+06,6.161662215582108502e+02
6.869552000000000000e+06,6.161794690703679862e+02
6.870484000000000000e+06,6.159772509919092727e+02
6.871420000000000000e+06,6.155612660679028068e+02
6.872356000000000000e+06,6.149466293062117757e+02
6.873292000000000000e+06,6.141593591406160613e+02
6.874224000000000000e+06,6.132327117007860124e+02
6.875160000000000000e+06,6.122030906070243645e+02
6.876096000000000000e+06,6.111063337888222122e+02
6.877032000000000000e+06,6.099750259355679418e+02
6.877964000000000000e+06,6.088371602876567295e+02
6.878900000000000000e+06,6.077161083856998403e+02
6.879836000000000000e+06,6.066315899041183002e+02
6.880772000000000000e+06,6.056012343332977252e+02
6.881704000000000000e+06,6.046423621059528841e+02
6.882640000000000000e+06,6.037736978067347309e+02
6.883576000000000000e+06,6.030167830443848516e+02
6.884512000000000000e+06,6.023968505633408768e+02
6.885444000000000000e+06,6.019428781008980422e+02
6.886380000000000000e+06,6.016865223766452573e+02
6.887316000000000000e+06,6.016597080933885309e+02
6.888252000000000000e+06,6.018908481651976672e+02
6.889184000000000000e+06,6.023999761310664098e+02
6.890120000000000000e+06,6.031934042297702945e+02
6.891056000000000000e+06,6.042587816467463426e+02
6.891992000000000000e+06,6.055615291471202681e+02
6.892924000000000000e+06,6.070435215998306830e+02
6.893860000000000000e+06,6.086245892507815825e+02
6.894796000000000000e+06,6.102069790324027281e+02
6.895732000000000000e+06,6.116824600733700663e+02
6.896664000000000000e+06,6.129413700232706788e+02
6.897600000000000000e+06,6.138826383535853211e+02
6.898536000000000000e+06,6.144236986624800920e+02
6.899472000000000000e+06,6.145091959086308862e+02
6.900404000000000000e+06,6.141174892265509015e+02
6.901340000000000000e+06,6.132641436429236137e+02
6.902276000000000000e+06,6.120018983439168778e+02
6.903212000000000000e+06,6.104169867459755778e+02
6.904144000000000000e+06,6.086221271412559872e+02
6.905080000000000000e+06,6.067469309823388812e+02
6.906016000000000000e+06,6.049267995725952005e+02
6.906952000000000000e+06,6.032915273372030924e+02
6.907884000000000000e+06,6.019547834467859957e+02
6.908820000000000000e+06,6.010054467006212917e+02
6.909756000000000000e+06,6.005014926883587805e+02
6.910692000000000000e+06,6.004668322486988927e+02
6.911624000000000000e+06,6.008911966776022382e+02
6.912560000000000000e+06,6.017328629123393284e+02
6.913496000000000000e+06,6.029237304942759010e+02
6.914432000000000000e+06,6.043760457694399975e+02
6.915364000000000000e+06,6.059899671952913423e+02
6.916300000000000000e+06,6.076612019514936947e+02
6.917236000000000000e+06,6.092880969001367930e+02
6.918172000000000000e+06,6.107777777859600974e+02
6.919104000000000000e+06,6.120511290224387722e+02
6.920040000000000000e+06,6.130465405035782851e+02
6.920976000000000000e+06,6.137224069622951674e+02
6.921912000000000000e+06,6.140583799343722831e+02
6.922844000000000000e+06,6.140553864415205680e+02
6.923780000000000000e+06,6.137344678359717136e+02
6.924716000000000000e+06,6.131345549961540655e+02
6.925652000000000000e+06,6.123093641593059147e+02
6.926584000000000000e+06,6.113236490566446264e+02
6.927520000000000000e+06,6.102490603856027747e+02
6.928456000000000000e+06,6.091598360146136883e+02
6.929388000000000000e+06,6.081284921065362141e+02
6.930324000000000000e+06,6.072216479121608472e+02
6.931260000000000000e+06,6.064961354871405774e+02
6.932196000000000000e+06,6.059956217297116154e+02
6.933132000000000000e+06,6.057480515493313078e+02
6.934064000000000000e+06,6.057642305920772969e+02
6.935000000000000000e+06,6.060377587547000076e+02
6.935936000000000000e+06,6.065463255487741208e+02
6.936872000000000000e+06,6.072541639639817959e+02
6.937804000000000000e+06,6.081153133739308032e+02
6.938740000000000000e+06,6.090773031238288695e+02
6.939676000000000000e+06,6.100849198431775449e+02
6.940608000000000000e+06,6.110838137690773237e+02
6.941544000000000000e+06,6.120237833298203896e+02
6.942480000000000000e+06,6.128616244108781075e+02
6.943416000000000000e+06,6.135634383527359432e+02
6.944352000000000000e+06,6.141062787322599661e+02
6.945284000000000000e+06,6.144790076736140918e+02
6.946220000000000000e+06,6.146822512249714237e+02
6.947156000000000000e+06,6.147274064278191190e+02
6.948092000000000000e+06,6.146347642110239349e+02
6.949024000000000000e+06,6.144309538545232954e+02
6.949960000000000000e+06,6.141460434242374049e+02
6.950896000000000000e+06,6.138106957288913463e+02
6.951828000000000000e+06,6.134537495002806509e+02
6.952764000000000000e+06,6.131004746474443436e+02
6.953700000000000000e+06,6.127715756642123779e+02
6.954636000000000000e+06,6.124828421007729276e+02
6.955572000000000000e+06,6.122452192819092716e+02
6.956504000000000000e+06,6.120650276203290332e+02
6.957440000000000000e+06,6.119441010549950306e+02
6.958376000000000000e+06,6.118797242789607935e+02
6.959312000000000000e+06,6.118643838052215642e+02
6.960244000000000000e+06,6.118854632807019698e+02
6.961180000000000000e+06,6.119250789742606003e+02
6.962116000000000000e+06,6.119602671492402806e+02
6.963052000000000000e+06,6.119637209091157501e+02
6.963984000000000000e+06,6.119052433388083045e+02
6.964920000000000000e+06,6.117540268816303524e+02
6.965856000000000000e+06,6.114817627444041364e+02
6.966792000000000000e+06,6.110664169027691059e+02
6.967724000000000000e+06,6.104963013363822029e+02
6.968660000000000000e+06,6.097738744082721496e+02
6.969596000000000000e+06,6.089185895404261828e+02
6.970532000000000000e+06,6.079681252463170722e+02
6.971464000000000000e+06,6.069774832484877152e+02
6.972400000000000000e+06,6.060157114204180289e+02
6.973336000000000000e+06,6.051603522011901077e+02
6.974272000000000000e+06,6.044900826731408188e+02
6.975204000000000000e+06,6.040763379694215018e+02
6.976140000000000000e+06,6.039749294788306315e+02
6.977076000000000000e+06,6.042187334828817029e+02
6.978012000000000000e+06,6.048124233303553865e+02
6.978944000000000000e+06,6.057299814605700021e+02
6.979880000000000000e+06,6.069154092425234239e+02
6.980816000000000000e+06,6.082866959650833678e+02
6.981752000000000000e+06,6.097427405763971819e+02
6.982684000000000000e+06,6.111725681007889079e+02
6.983620000000000000e+06,6.124658869223853799e+02
6.984556000000000000e+06,6.135238405620431195e+02
6.985492000000000000e+06,6.142687566353943112e+02
6.986424000000000000e+06,6.146518007801221302e+02
6.987360000000000000e+06,6.146576888684381856e+02
6.988296000000000000e+06,6.143059575934073564e+02
6.989232000000000000e+06,6.136486909958147180e+02
6.990164000000000000e+06,6.127649953442332844e+02
6.991100000000000000e+06,6.117528568913746767e+02
6.992036000000000000e+06,6.107192684007268326e+02
6.992972000000000000e+06,6.097696523877727941e+02
6.993904000000000000e+06,6.089976405919288709e+02
6.994840000000000000e+06,6.084761980717828465e+02
6.995776000000000000e+06,6.082509184509304987e+02
6.996712000000000000e+06,6.083360829935455740e+02
6.997644000000000000e+06,6.087137984394094019e+02
6.998580000000000000e+06,6.093362385561861174e+02
6.999516000000000000e+06,6.101307378340629839e+02
7.000452000000000000e+06,6.110072396427982540e+02
7.001384000000000000e+06,6.118673971533588656e+02
7.002320000000000000e+06,6.126144702612936044e+02
7.003256000000000000e+06,6.131630588916502802e+02
7.004192000000000000e+06,6.134476726895652519e+02
7.005124000000000000e+06,6.134291872235795609e+02
7.006060000000000000e+06,6.130984144384706269e+02
7.006996000000000000e+06,6.124763372122934015e+02
7.007932000000000000e+06,6.116109949258739107e+02
7.008864000000000000e+06,6.105714805684259545e+02
7.009800000000000000e+06,6.094399176026938676e+02
7.010736000000000000e+06,6.083025366687953692e+02
7.011672000000000000e+06,6.072410209988080396e+02
7.012604000000000000e+06,6.063251425195991260e+02
7.013540000000000000e+06,6.056074213676807858e+02
7.014476000000000000e+06,6.051201862212346896e+02
7.015412000000000000e+06,6.048750642884655235e+02
7.016344000000000000e+06,6.048646376015017267e+02
7.017280000000000000e+06,6.050657864009751847e+02
7.018216000000000000e+06,6.054441009530122528e+02
7.019152000000000000e+06,6.059586803577359433e+02
7.020084000000000000e+06,6.065666610570626744e+02
7.021020000000000000e+06,6.072269348449166273e+02
7.021956000000000000e+06,6.079027070457807440e+02
7.022892000000000000e+06,6.085627674069382920e+02
7.023824000000000000e+06,6.091815563503869271e+02
7.024760000000000000e+06,6.097382824519509086e+02
7.025696000000000000e+06,6.102154724747013006e+02
7.026628000000000000e+06,6.105974045262249774e+02
7.027564000000000000e+06,6.108688793955484471e+02
7.028500000000000000e+06,6.110147207555257864e+02
7.029436000000000000e+06,6.110202620849221375e+02
7.030372000000000000e+06,6.108728811515456982e+02
7.031304000000000000e+06,6.105644001081135457e+02
7.032240000000000000e+06,6.100939267398912307e+02
7.033176000000000000e+06,6.094705389328937599e+02
7.034112000000000000e+06,6.087151730150833373e+02
7.035044000000000000e+06,6.078611919977777234e+02
7.035980000000000000e+06,6.069533538562511694e+02
7.036916000000000000e+06,6.060452024443038681e+02
7.037852000000000000e+06,6.051951798432994565e+02
7.038784000000000000e+06,6.044619422044818293e+02
7.039720000000000000e+06,6.038994252791924282e+02
7.040656000000000000e+06,6.035521693607809084e+02
7.041592000000000000e+06,6.034513230168025757e+02
7.042524000000000000e+06,6.036116466838425367e+02
7.043460000000000000e+06,6.040297524220685546e+02
7.044396000000000000e+06,6.046837396752765699e+02
7.045332000000000000e+06,6.055343047186391914e+02
7.046264000000000000e+06,6.065273101602475663e+02
7.047200000000000000e+06,6.075977092945945515e+02
7.048136000000000000e+06,6.086746334660518869e+02
7.049072000000000000e+06,6.096873580794587042e+02
7.050004000000000000e+06,6.105717477828600295e+02
7.050940000000000000e+06,6.112766436730211126e+02
7.051876000000000000e+06,6.117695225646360768e+02
7.052812000000000000e+06,6.120406766316040148e+02
7.053744000000000000e+06,6.121051787602617651e+02
7.054680000000000000e+06,6.120020482763758309e+02
7.055616000000000000e+06,6.117903244340095625e+02
7.056552000000000000e+06,6.115421769008578394e+02
7.057484000000000000e+06,6.113336855569698400e+02
7.058420000000000000e+06,6.112344135761289863e+02
7.059356000000000000e+06,6.112972508181529747e+02
7.060292000000000000e+06,6.115501024156797030e+02
7.061224000000000000e+06,6.119907880525937571e+02
7.062160000000000000e+06,6.125860367467681726e+02
7.063096000000000000e+06,6.132748154572753947e+02
7.064032000000000000e+06,6.139755525490132868e+02
7.064964000000000000e+06,6.145962357760063242e+02
7.065900000000000000e+06,6.150459720155184868e+02
7.066836000000000000e+06,6.152464397031720864e+02
7.067772000000000000e+06,6.151417454778500087e+02
7.068704000000000000e+06,6.147054764191362892e+02
7.069640000000000000e+06,6.139441572329058090e+02
7.070576000000000000e+06,6.128968089834605735e+02
7.071512000000000000e+06,6.116307973895220584e+02
7.072444000000000000e+06,6.102345979995526477e+02
7.073380000000000000e+06,6.088084478721692676e+02
7.074316000000000000e+06,6.074540664167686828e+02
7.075252000000000000e+06,6.062646903936505396e+02
7.076184000000000000e+06,6.053165699705409679e+02
7.077120000000000000e+06,6.046628248735858051e+02
7.078056000000000000e+06,6.043302008872980196e+02
7.078992000000000000e+06,6.043188560400882352e+02
7.079924000000000000e+06,6.046049027562594347e+02
7.080860000000000000e+06,6.051450893695736113e+02
7.081796000000000000e+06,6.058827702735212597e+02
7.082732000000000000e+06,6.067542319146994032e+02
7.083664000000000000e+06,6.076945329366720898e+02
7.084600000000000000e+06,6.086422601765884792e+02
7.085536000000000000e+06,6.095429299148302107e+02
7.086472000000000000e+06,6.103510786614517656e+02
7.087404000000000000e+06,6.110313012871324645e+02
7.088340000000000000e+06,6.115585665482838067e+02
7.089276000000000000e+06,6.119180945972401560e+02
7.090212000000000000e+06,6.121049803649516434e+02
7.091144000000000000e+06,6.121236484203421924e+02
7.092080000000000000e+06,6.119871560427145596e+02
7.093016000000000000e+06,6.117163224950003269e+02
7.093952000000000000e+06,6.113386454992557901e+02
7.094884000000000000e+06,6.108869649565521058e+02
7.095820000000000000e+06,6.103978477998573453e+02
7.096756000000000000e+06,6.099096957678816580e+02
7.097692000000000000e+06,6.094606158184648166e+02
7.098624000000000000e+06,6.090861342052213558e+02
7.099560000000000000e+06,6.088168739979874999e+02
7.100496000000000000e+06,6.086763494450721055e+02
7.101428000000000000e+06,6.086790590605268108e+02
7.102364000000000000e+06,6.088290795808310349e+02
7.103300000000000000e+06,6.091193631428890285e+02
7.104236000000000000e+06,6.095319045007427121e+02
7.105172000000000000e+06,6.100388685857027440e+02
7.106104000000000000e+06,6.106046633549723310e+02
7.107040000000000000e+06,6.111888290757226514e+02
7.107976000000000000e+06,6.117495104213041941e+02
7.108912000000000000e+06,6.122471968871923309e+02
7.109844000000000000e+06,6.126483756650226269e+02
7.110780000000000000e+06,6.129287478924871948e+02
7.111716000000000000e+06,6.130757044820687724e+02
7.112648000000000000e+06,6.130898179032462849e+02
7.113584000000000000e+06,6.129851645730493601e+02
7.114520000000000000e+06,6.127883543653719016e+02
7.115456000000000000e+06,6.125362298063149638e+02
7.116392000000000000e+06,6.122723221338262647e+02
7.117324000000000000e+06,6.120423082004331263e+02
7.118260000000000000e+06,6.118888761422977041e+02
7.119196000000000000e+06,6.118465455938380728e+02
7.120132000000000000e+06,6.119370676148430448e+02
7.121064000000000000e+06,6.121660256709734540e+02
7.122000000000000000e+06,6.125211615462619648e+02
7.122936000000000000e+06,6.129727669380762336e+02
7.123872000000000000e+06,6.134762370168396046e+02
7.124804000000000000e+06,6.139766104806333260e+02
7.125740000000000000e+06,6.144146582131606920e+02
7.126676000000000000e+06,6.147338631678812817e+02
7.127612000000000000e+06,6.148874853467031016e+02
7.128544000000000000e+06,6.148448490975006280e+02
7.129480000000000000e+06,6.145960380338315190e+02
7.130416000000000000e+06,6.141543351327167102e+02
7.131352000000000000e+06,6.135559883653824045e+02
7.132284000000000000e+06,6.128571943679629612e+02
7.133220000000000000e+06,6.121285466168289986e+02
7.134156000000000000e+06,6.114475491037960637e+02
7.135088000000000000e+06,6.108900923753285497e+02
7.136024000000000000e+06,6.105219608259908455e+02
7.136960000000000000e+06,6.103914426035663610e+02
7.137896000000000000e+06,6.105239412376208747e+02
7.138832000000000000e+06,6.109191792713534142e+02
7.139764000000000000e+06,6.115512057834868074e+02
7.140700000000000000e+06,6.123710463470056311e+02
7.141636000000000000e+06,6.133115279670784048e+02
7.142572000000000000e+06,6.142936092307498939e+02
7.143504000000000000e+06,6.152334542458033866e+02
7.144440000000000000e+06,6.160494938210051714e+02
7.145376000000000000e+06,6.166687996680850574e+02
7.146308000000000000e+06,6.170322447275380000e+02
7.147244000000000000e+06,6.170981239362673705e+02
7.148180000000000000e+06,6.168441395080133134e+02
7.149116000000000000e+06,6.162678702161225601e+02
7.150052000000000000e+06,6.153860014469147472e+02
7.150984000000000000e+06,6.142326650484382071e+02
7.151920000000000000e+06,6.128572201241560151e+02
7.152856000000000000e+06,6.113217130222935793e+02
7.153792000000000000e+06,6.096981206837403988e+02
7.154724000000000000e+06,6.080653525257308729e+02
7.155660000000000000e+06,6.065059080067127297e+02
7.156596000000000000e+06,6.051020911143833700e+02
7.157532000000000000e+06,6.039317736246621280e+02
7.158464000000000000e+06,6.030638473235328547e+02
7.159400000000000000e+06,6.025536576155560624e+02
7.160336000000000000e+06,6.024388133986822140e+02
7.161272000000000000e+06,6.027357941202308211e+02
7.162204000000000000e+06,6.034377308838761564e+02
7.163140000000000000e+06,6.045136462567668332e+02
7.164076000000000000e+06,6.059093153434760097e+02
7.165012000000000000e+06,6.075497711191381995e+02
7.165944000000000000e+06,6.093433347240892317e+02
7.166880000000000000e+06,6.111869247725035166e+02
7.167816000000000000e+06,6.129723015947105296e+02
7.168752000000000000e+06,6.145928348702477706e+02
7.169684000000000000e+06,6.159503441139522693e+02
7.170620000000000000e+06,6.169615516819632148e+02
7.171556000000000000e+06,6.175637081313657291e+02
7.172492000000000000e+06,6.177189950518302339e+02
7.173424000000000000e+06,6.174173751007250530e+02
7.174360000000000000e+06,6.166776452931333097e+02
7.175296000000000000e+06,6.155465650148406667e+02
7.176232000000000000e+06,6.140960728644747633e+02
7.177164000000000000e+06,6.124187582035393689e+02
7.178100000000000000e+06,6.106218886068742222e+02
7.179036000000000000e+06,6.088203940157612806e+02
7.179972000000000000e+06,6.071292663844556046e+02
7.180904000000000000e+06,6.056558566553720766e+02
7.181840000000000000e+06,6.044925540249998903e+02
7.182776000000000000e+06,6.037103306665793525e+02
7.183712000000000000e+06,6.033536301365145391e+02
7.184644000000000000e+06,6.034370503889507518e+02
7.185580000000000000e+06,6.039441928884647268e+02
7.186516000000000000e+06,6.048289004164415701e+02
7.187448000000000000e+06,6.060188965254031928e+02
7.188384000000000000e+06,6.074215983192104886e+02
7.189320000000000000e+06,6.089316383308384957e+02
7.190256000000000000e+06,6.104394378414890525e+02
7.191192000000000000e+06,6.118400536970393659e+02
7.192124000000000000e+06,6.130414893507369243e+02
7.193060000000000000e+06,6.139717167126320874e+02
7.193996000000000000e+06,6.145837855861283288e+02
7.194932000000000000e+06,6.148585852174628599e+02
7.195864000000000000e+06,6.148050479897326568e+02
7.196800000000000000e+06,6.144578259019365305e+02
7.197736000000000000e+06,6.138727041984105881e+02
7.198668000000000000e+06,6.131202247260467857e+02
7.199604000000000000e+06,6.122781586152033242e+02
7.200540000000000000e+06,6.114235807182518556e+02
7.201476000000000000e+06,6.106253467838747611e+02
7.202412000000000000e+06,6.099377499448405615e+02
7.203344000000000000e+06,6.093960275844823400e+02
7.204280000000000000e+06,6.090141986721807825e+02
7.205216000000000000e+06,6.087854425600550030e+02
7.206152000000000000e+06,6.086849099536041194e+02
7.207084000000000000e+06,6.086745332627755261e+02
7.208020000000000000e+06,6.087091364346764522e+02
7.208956000000000000e+06,6.087429868808352467e+02
7.209888000000000000e+06,6.087359132580984351e+02
7.210824000000000000e+06,6.086582301043513326e+02
7.212696000000000000e+06,6.084939346212559030e+02
7.213632000000000000e+06,6.082419275579724172e+02
7.214564000000000000e+06,6.079153085588591239e+02
7.215500000000000000e+06,6.075390556407547820e+02
7.216436000000000000e+06,6.071465725090927208e+02
7.217372000000000000e+06,6.067756462213512805e+02
7.218304000000000000e+06,6.064643039347091644e+02
7.219240000000000000e+06,6.062469317090994991e+02
7.220176000000000000e+06,6.061508816683915484e+02
7.221108000000000000e+06,6.061936982837970618e+02
7.222044000000000000e+06,6.063810611718563450e+02
7.222980000000000000e+06,6.067055567968659489e+02
7.223916000000000000e+06,6.071464195366570493e+02
7.224852000000000000e+06,6.076703884406042562e+02
7.225784000000000000e+06,6.082337895677851520e+02
7.226720000000000000e+06,6.087858699078707332e+02
7.227656000000000000e+06,6.092732797505757389e+02
7.228592000000000000e+06,6.096454351094712365e+02
7.229524000000000000e+06,6.098603132255946093e+02
7.230460000000000000e+06,6.098900775703502859e+02
7.231396000000000000e+06,6.097258284244132938e+02
7.232328000000000000e+06,6.093807546404995037e+02
7.233264000000000000e+06,6.088910393238217011e+02
7.234200000000000000e+06,6.083140641559751884e+02
7.235136000000000000e+06,6.077237701272658796e+02
7.236072000000000000e+06,6.072034410290624464e+02
7.237004000000000000e+06,6.068366126380034302e+02
7.237940000000000000e+06,6.066971770038135219e+02
7.238876000000000000e+06,6.068399506631981239e+02
7.239812000000000000e+06,6.072929527953562001e+02
7.240744000000000000e+06,6.080524088577610655e+02
7.241680000000000000e+06,6.090811327159093480e+02
7.242616000000000000e+06,6.103105381052845360e+02
7.243552000000000000e+06,6.116461511729120275e+02
7.244484000000000000e+06,6.129761577435211848e+02
7.245420000000000000e+06,6.141822123565596030e+02
7.246356000000000000e+06,6.151514539354417366e+02
7.247292000000000000e+06,6.157884355308308386e+02
7.248224000000000000e+06,6.160255396969869253e+02
7.249160000000000000e+06,6.158304947965112888e+02
7.250096000000000000e+06,6.152098950544956324e+02
7.251032000000000000e+06,6.142081693203703026e+02
7.251964000000000000e+06,6.129021698366178725e+02
7.252900000000000000e+06,6.113923076278084636e+02
7.253836000000000000e+06,6.097917396418005183e+02
7.254768000000000000e+06,6.082153336922485778e+02
7.255704000000000000e+06,6.067699325347850845e+02
7.256640000000000000e+06,6.055468962998214693e+02
7.257576000000000000e+06,6.046172301639550142e+02
7.258512000000000000e+06,6.040290327912374551e+02
7.259444000000000000e+06,6.038066927361819580e+02
7.260380000000000000e+06,6.039512563903218734e+02
7.261316000000000000e+06,6.044416130394658921e+02
7.262252000000000000e+06,6.052364347692605406e+02
7.263184000000000000e+06,6.062770118917951550e+02
7.264120000000000000e+06,6.074911416499810457e+02
7.265056000000000000e+06,6.087980567869216202e+02
7.265992000000000000e+06,6.101141024545017899e+02
7.266924000000000000e+06,6.113586106522118371e+02
7.267860000000000000e+06,6.124592995261575652e+02
7.268796000000000000e+06,6.133566010582034096e+02
7.269732000000000000e+06,6.140065664724243106e+02
7.270664000000000000e+06,6.143823087179229105e+02
7.271600000000000000e+06,6.144741912417396179e+02
7.272536000000000000e+06,6.142890854112440593e+02
7.273472000000000000e+06,6.138489962680263261e+02
7.274404000000000000e+06,6.131892556765723157e+02
7.275340000000000000e+06,6.123563740295425077e+02
7.276276000000000000e+06,6.114055752670736865e+02
7.278144000000000000e+06,6.103980298147486110e+02
7.279080000000000000e+06,6.093978302865045862e+02
7.280016000000000000e+06,6.084687913814658486e+02
7.280952000000000000e+06,6.076711685400789520e+02
7.281884000000000000e+06,6.070583773750496448e+02
7.282820000000000000e+06,6.066737843530974033e+02
7.283756000000000000e+06,6.065476589983341000e+02
7.284692000000000000e+06,6.066944376706052253e+02
7.285624000000000000e+06,6.071105334417060249e+02
7.286560000000000000e+06,6.077730079777932133e+02
7.287496000000000000e+06,6.086394659310358293e+02
7.288432000000000000e+06,6.096495049518492806e+02
7.289364000000000000e+06,6.107279329010520996e+02
7.290300000000000000e+06,6.117897563052256373e+02
7.291236000000000000e+06,6.127466891515114185e+02
7.292172000000000000e+06,6.135146789994454366e+02
7.293104000000000000e+06,6.140217414294510263e+02
7.294040000000000000e+06,6.142152658109523600e+02
7.294980000000000000e+06,6.140679279182738810e+02
7.295912000000000000e+06,6.135814300686959086e+02
7.296844000000000000e+06,6.127874855757669366e+02
7.297780000000000000e+06,6.117457583040215923e+02
7.298716000000000000e+06,6.105388356298931285e+02
7.299652000000000000e+06,6.092647078114206352e+02
7.300584000000000000e+06,6.080275728661554240e+02
7.301520000000000000e+06,6.069279993039164083e+02
7.302456000000000000e+06,6.060535112876790436e+02
7.303392000000000000e+06,6.054705292173081261e+02
7.304324000000000000e+06,6.052183724139115384e+02
7.305260000000000000e+06,6.053057876529406940e+02
7.306196000000000000e+06,6.057102552941238400e+02
7.307128000000000000e+06,6.063801440655872739e+02
7.308064000000000000e+06,6.072396008343606582e+02
7.309000000000000000e+06,6.081958356951855649e+02
7.309936000000000000e+06,6.091481925351197333e+02
7.310872000000000000e+06,6.099981256889457200e+02
7.311804000000000000e+06,6.106590088642316232e+02
7.312740000000000000e+06,6.110646529090222430e+02
7.313676000000000000e+06,6.111755399260714512e+02
7.314612000000000000e+06,6.109820805927869287e+02
7.315544000000000000e+06,6.105046114731704847e+02
7.316488000000000000e+06,6.097902838146129625e+02
7.317416000000000000e+06,6.089073706207107080e+02
7.318348000000000000e+06,6.079377780753189882e+02
7.319284000000000000e+06,6.069686690489381817e+02
7.320220000000000000e+06,6.060840973664924149e+02
7.321156000000000000e+06,6.053574420681770789e+02
7.322092000000000000e+06,6.048452692400387605e+02
7.323024000000000000e+06,6.045830815735888564e+02
7.323960000000000000e+06,6.045832598109843730e+02
7.324896000000000000e+06,6.048353353565946691e+02
7.325832000000000000e+06,6.053085261610150383e+02
7.326764000000000000e+06,6.059562103753905831e+02
7.327700000000000000e+06,6.067217437557592348e+02
7.328636000000000000e+06,6.075448242030624897e+02
7.329568000000000000e+06,6.083675464073013472e+02
7.330504000000000000e+06,6.091394046537884606e+02
7.331440000000000000e+06,6.098207630203814915e+02
7.332376000000000000e+06,6.103846400942009041e+02
7.333312000000000000e+06,6.108169543698403459e+02
7.334244000000000000e+06,6.111155716308969659e+02
7.335180000000000000e+06,6.112885588595446507e+02
7.336116000000000000e+06,6.113520048546324688e+02
7.337052000000000000e+06,6.113276737079299892e+02
7.337992000000000000e+06,6.112406730551219880e+02
7.338920000000000000e+06,6.111172756914313595e+02
7.339856000000000000e+06,6.109830207988336497e+02
7.340792000000000000e+06,6.108612035856838247e+02
7.341724000000000000e+06,6.107718109581506951e+02
7.343596000000000000e+06,6.107308783970260038e+02
7.344532000000000000e+06,6.107501593808848384e+02
7.345464000000000000e+06,6.108369510392749362e+02
7.346400000000000000e+06,6.109939337890581328e+02
7.347336000000000000e+06,6.112189578286883034e+02
7.348272000000000000e+06,6.115048170637228395e+02
7.349204000000000000e+06,6.118391502929395074e+02
7.350140000000000000e+06,6.122046650723874563e+02
7.351076000000000000e+06,6.125798690572357827e+02
7.352012000000000000e+06,6.129404084278983191e+02
7.352944000000000000e+06,6.132609661792438374e+02
7.353880000000000000e+06,6.135175058445370269e+02
7.354816000000000000e+06,6.136895195954425617e+02
7.355752000000000000e+06,6.137619063330993185e+02
7.356684000000000000e+06,6.137261795740895423e+02
7.357620000000000000e+06,6.135808545889373136e+02
7.358556000000000000e+06,6.133310341254706373e+02
7.359496000000000000e+06,6.129873576750162556e+02
7.360424000000000000e+06,6.125645819585849949e+02
7.361360000000000000e+06,6.120801156550259066e+02
7.362296000000000000e+06,6.115528320238945525e+02
7.363232000000000000e+06,6.110024177613089478e+02
7.364164000000000000e+06,6.104493828574342160e+02
7.365100000000000000e+06,6.099156720719878422e+02
7.366036000000000000e+06,6.094256217935825362e+02
7.366972000000000000e+06,6.090068449698741233e+02
7.367904000000000000e+06,6.086905479986896808e+02
7.368840000000000000e+06,6.085108223227822464e+02
7.369776000000000000e+06,6.085026247132268509e+02
7.370712000000000000e+06,6.086984425993783816e+02
7.371644000000000000e+06,6.091239685945238307e+02
7.372580000000000000e+06,6.097933904432045438e+02
7.373516000000000000e+06,6.107050623799980258e+02
7.374452000000000000e+06,6.118383279229018399e+02
7.375384000000000000e+06,6.131521218052466793e+02
7.376320000000000000e+06,6.145857265897204798e+02
7.377256000000000000e+06,6.160617497086276444e+02
7.378192000000000000e+06,6.174910803420889351e+02
7.379124000000000000e+06,6.187793395807009347e+02
7.380060000000000000e+06,6.198341854352599967e+02
7.381000000000000000e+06,6.205727779855769768e+02
7.381928000000000000e+06,6.209287294660488215e+02
7.382864000000000000e+06,6.208579371350788279e+02
7.383800000000000000e+06,6.203428076931742225e+02
7.384736000000000000e+06,6.193945188043769576e+02
7.385672000000000000e+06,6.180531154666225575e+02
7.386604000000000000e+06,6.163854018935536487e+02
7.387540000000000000e+06,6.144807646216499961e+02
7.388476000000000000e+06,6.124452448041363368e+02
7.389412000000000000e+06,6.103943432592247973e+02
7.390344000000000000e+06,6.084451548114428761e+02
7.391280000000000000e+06,6.067084625212960418e+02
7.392216000000000000e+06,6.052813755771697970e+02
7.393152000000000000e+06,6.042409879094528833e+02
7.394084000000000000e+06,6.036394034641285771e+02
7.395020000000000000e+06,6.035003576304189892e+02
7.395956000000000000e+06,6.038175897158403131e+02
7.396892000000000000e+06,6.045550891329027081e+02
7.397824000000000000e+06,6.056493194798098330e+02
7.398760000000000000e+06,6.070134749013197961e+02
7.399696000000000000e+06,6.085437015786931170e+02
7.400632000000000000e+06,6.101270092702656029e+02
7.401564000000000000e+06,6.116503281819801714e+02
7.402508000000000000e+06,6.130098966394904210e+02
7.403436000000000000e+06,6.141199729000090883e+02
7.404372000000000000e+06,6.149198162908767245e+02
7.405304000000000000e+06,6.153780140028386541e+02
7.406240000000000000e+06,6.154935385686615064e+02
7.407176000000000000e+06,6.152933693638748309e+02
7.408112000000000000e+06,6.148270279071269897e+02
7.409044000000000000e+06,6.141588641075420583e+02
7.409980000000000000e+06,6.133592836703637659e+02
7.410916000000000000e+06,6.124962401582777147e+02
7.411852000000000000e+06,6.116281930109175846e+02
7.412784000000000000e+06,6.107993863145392197e+02
7.413720000000000000e+06,6.100378229349481671e+02
7.414656000000000000e+06,6.093558151118993464e+02
7.415592000000000000e+06,6.087525966982693717e+02
7.416524000000000000e+06,6.082182532254811349e+02
7.417460000000000000e+06,6.077381776431346907e+02
7.418396000000000000e+06,6.072973561140552192e+02
7.419332000000000000e+06,6.068839657563149785e+02
7.420264000000000000e+06,6.064919623480590190e+02
7.421200000000000000e+06,6.061225133149150679e+02
7.422136000000000000e+06,6.057842794559950335e+02
7.423072000000000000e+06,6.054926672966312253e+02
7.424012000000000000e+06,6.052682549304494160e+02
7.424940000000000000e+06,6.051346238591811471e+02
7.425876000000000000e+06,6.051158052372305747e+02
7.426812000000000000e+06,6.052334944365406955e+02
7.427744000000000000e+06,6.055041464763133945e+02
7.428680000000000000e+06,6.059360777744359439e+02
7.429616000000000000e+06,6.065267811761214034e+02
7.430552000000000000e+06,6.072607855536786019e+02
7.431484000000000000e+06,6.081085000648981804e+02
7.432420000000000000e+06,6.090265111047274331e+02
7.433356000000000000e+06,6.099597010086498585e+02
7.434292000000000000e+06,6.108453185778059833e+02
7.435224000000000000e+06,6.116187797878168340e+02
7.436160000000000000e+06,6.122205853326802298e+02
7.437096000000000000e+06,6.126034176632617800e+02
7.438032000000000000e+06,6.127383302740295221e+02
7.438964000000000000e+06,6.126190232695420264e+02
7.439900000000000000e+06,6.122634926279431511e+02
7.440836000000000000e+06,6.117127658611187826e+02
7.441772000000000000e+06,6.110268945918098780e+02
7.442704000000000000e+06,6.102787793532817204e+02
7.443640000000000000e+06,6.095466913082551628e+02
7.444576000000000000e+06,6.089064918507943958e+02
7.445516000000000000e+06,6.084245245036378265e+02
7.446444000000000000e+06,6.081519802162355290e+02
7.447380000000000000e+06,6.081212517363826464e+02
7.448316000000000000e+06,6.083444473673761195e+02
7.449252000000000000e+06,6.088138986114850013e+02
7.450184000000000000e+06,6.095042416258944513e+02
7.451120000000000000e+06,6.103755277854777432e+02
7.452056000000000000e+06,6.113768329687044343e+02
7.452992000000000000e+06,6.124499574351661977e+02
7.453924000000000000e+06,6.135329813918441459e+02
7.454860000000000000e+06,6.145636046891854676e+02
7.455796000000000000e+06,6.154823049107011457e+02
7.456732000000000000e+06,6.162353694968090849e+02
7.457664000000000000e+06,6.167777959785544226e+02
7.458600000000000000e+06,6.170759465928560985e+02
7.459536000000000000e+06,6.171097480056993163e+02
7.460472000000000000e+06,6.168741896715307576e+02
7.461404000000000000e+06,6.163799047717928943e+02
7.462340000000000000e+06,6.156526948089630196e+02
7.463276000000000000e+06,6.147319555221230303e+02
7.464212000000000000e+06,6.136680600507138479e+02
7.465144000000000000e+06,6.125188475124654133e+02
7.466080000000000000e+06,6.113454490051634593e+02
7.467020000000000000e+06,6.102077599282522442e+02
7.467952000000000000e+06,6.091599402011863731e+02
7.468884000000000000e+06,6.082463857106066598e+02
7.469820000000000000e+06,6.074986382365841564e+02
7.470756000000000000e+06,6.069336482828791759e+02
7.471692000000000000e+06,6.065536529422170133e+02
7.472624000000000000e+06,6.063476957330966570e+02
7.473560000000000000e+06,6.062945496496395208e+02
7.474496000000000000e+06,6.063665739433834005e+02
7.475432000000000000e+06,6.065338959769956091e+02
7.476364000000000000e+06,6.067682948655432256e+02
7.477300000000000000e+06,6.070462735030239401e+02
7.478236000000000000e+06,6.073510064640165638e+02
7.479168000000000000e+06,6.076730874816284995e+02
7.480104000000000000e+06,6.080102102670011845e+02
7.481040000000000000e+06,6.083660504338289456e+02
7.481976000000000000e+06,6.087486536130135164e+02
7.482912000000000000e+06,6.091685923132637299e+02
7.483844000000000000e+06,6.096370724958882192e+02
7.484780000000000000e+06,6.101640892903415079e+02
7.485716000000000000e+06,6.107566730709398826e+02
7.486652000000000000e+06,6.114172435984387448e+02
7.487584000000000000e+06,6.121421067422752458e+02
7.488528000000000000e+06,6.129201824375809338e+02
7.489456000000000000e+06,6.137321270176296366e+02
7.490392000000000000e+06,6.145500799569076662e+02
7.491324000000000000e+06,6.153382951433577546e+02
7.492260000000000000e+06,6.160548858423546790e+02
7.493196000000000000e+06,6.166548021838713112e+02
7.494132000000000000e+06,6.170939632878884140e+02
7.495064000000000000e+06,6.173342021875467935e+02
7.496000000000000000e+06,6.173484069254235465e+02
7.496936000000000000e+06,6.171250391519415643e+02
7.497872000000000000e+06,6.166711629770628633e+02
7.498804000000000000e+06,6.160132687180556559e+02
7.499740000000000000e+06,6.151955235540604008e+02
7.500676000000000000e+06,6.142755605977982896e+02
7.501612000000000000e+06,6.133184140492413690e+02
7.502544000000000000e+06,6.123895812030464185e+02
7.503480000000000000e+06,6.115483276732277318e+02
7.504416000000000000e+06,6.108422110354551933e+02
7.505352000000000000e+06,6.103034388011628835e+02
7.506284000000000000e+06,6.099472343807811967e+02
7.507220000000000000e+06,6.097720100003715515e+02
7.508156000000000000e+06,6.097609344862606804e+02
7.509092000000000000e+06,6.098844438769092449e+02
7.510032000000000000e+06,6.101033137106852564e+02
7.510960000000000000e+06,6.103720170881765625e+02
7.511896000000000000e+06,6.106421807527806322e+02
7.512832000000000000e+06,6.108660072251830115e+02
7.513764000000000000e+06,6.109995629135505624e+02
7.514700000000000000e+06,6.110058517366718434e+02
7.515636000000000000e+06,6.108576003649603763e+02
7.516572000000000000e+06,6.105396590675244397e+02
7.517504000000000000e+06,6.100508559338330770e+02
7.518440000000000000e+06,6.094050438792683053e+02
7.519376000000000000e+06,6.086310046632944477e+02
7.520312000000000000e+06,6.077708992561194918e+02
7.521244000000000000e+06,6.068771253975877471e+02
7.522180000000000000e+06,6.060077360915556710e+02
7.523116000000000000e+06,6.052208980900902588e+02
7.524052000000000000e+06,6.045691173360964967e+02
7.524984000000000000e+06,6.040940438312841252e+02
7.525920000000000000e+06,6.038225622939086179e+02
7.526856000000000000e+06,6.037646163144893308e+02
7.527792000000000000e+06,6.039128948001866775e+02
7.528724000000000000e+06,6.042442334642504420e+02
7.529660000000000000e+06,6.047224187766992145e+02
7.530596000000000000e+06,6.053020355046942313e+02
7.531536000000000000e+06,6.059330239456979825e+02
7.532464000000000000e+06,6.065656317427202566e+02
7.533400000000000000e+06,6.071553960222080377e+02
7.534336000000000000e+06,6.076676725197746691e+02
7.535272000000000000e+06,6.080811061624947342e+02
7.536204000000000000e+06,6.083894117751843851e+02
7.537140000000000000e+06,6.086009826736627701e+02
7.538076000000000000e+06,6.087361865135344487e+02
7.539012000000000000e+06,6.088226823979790652e+02
7.539944000000000000e+06,6.088895733562396799e+02
7.540880000000000000e+06,6.089615380749286260e+02
7.541816000000000000e+06,6.090541449412492057e+02
7.542748000000000000e+06,6.091713102145253060e+02
7.543684000000000000e+06,6.093053903537900169e+02
7.544620000000000000e+06,6.094398263976263479e+02
7.545556000000000000e+06,6.095537225055683166e+02
7.546492000000000000e+06,6.096273510056780651e+02
7.547424000000000000e+06,6.096474056920334306e+02
7.548360000000000000e+06,6.096109050969524787e+02
7.549296000000000000e+06,6.095269570525928202e+02
7.550232000000000000e+06,6.094160591740399013e+02
7.551164000000000000e+06,6.093071155896975597e+02
7.552100000000000000e+06,6.092327845672082276e+02
7.553040000000000000e+06,6.092240473725056518e+02
7.553972000000000000e+06,6.093049630523337328e+02
7.554904000000000000e+06,6.094884562117080122e+02
7.555840000000000000e+06,6.097737299227611629e+02
7.556776000000000000e+06,6.101455811525768240e+02
7.557712000000000000e+06,6.105755934519796710e+02
7.558644000000000000e+06,6.110249384789912028e+02
7.559580000000000000e+06,6.114483559170193985e+02
7.560516000000000000e+06,6.117988056142767164e+02
7.561452000000000000e+06,6.120322888445897433e+02
7.562384000000000000e+06,6.121123938448409945e+02
7.563320000000000000e+06,6.120141979774952006e+02
7.564256000000000000e+06,6.117272244060286539e+02
7.565192000000000000e+06,6.112571990825691728e+02
7.566124000000000000e+06,6.106264044295214717e+02
7.567060000000000000e+06,6.098725095341953875e+02
7.567996000000000000e+06,6.090458909447730775e+02
7.568932000000000000e+06,6.082056330230241201e+02
7.569864000000000000e+06,6.074145734076499821e+02
7.570800000000000000e+06,6.067338893918742997e+02
7.571736000000000000e+06,6.062177746909227380e+02
7.572672000000000000e+06,6.059087325144051874e+02
7.573604000000000000e+06,6.058339277750897054e+02
7.574548000000000000e+06,6.060029177648817722e+02
7.575476000000000000e+06,6.064069331049088305e+02
7.576412000000000000e+06,6.070197288261188078e+02
7.577344000000000000e+06,6.077998913360447659e+02
7.578280000000000000e+06,6.086943840204729668e+02
7.579216000000000000e+06,6.096430380826431019e+02
7.580152000000000000e+06,6.105836323724232670e+02
7.581084000000000000e+06,6.114571509168367811e+02
7.582020000000000000e+06,6.122127698596499386e+02
7.582956000000000000e+06,6.128121240227809494e+02
7.583892000000000000e+06,6.132324488083546612e+02
7.584824000000000000e+06,6.134682844432219326e+02
7.585760000000000000e+06,6.135315543716995990e+02
7.586696000000000000e+06,6.134499738839862175e+02
7.587632000000000000e+06,6.132639035934756748e+02
7.588564000000000000e+06,6.130219356670828574e+02
7.589500000000000000e+06,6.127756754281458598e+02
7.590436000000000000e+06,6.125743170010167660e+02
7.591372000000000000e+06,6.124596573675627269e+02
7.592304000000000000e+06,6.124621180892241910e+02
7.593240000000000000e+06,6.125981607210110269e+02
7.594176000000000000e+06,6.128692421808195832e+02
7.595112000000000000e+06,6.132622268256438929e+02
7.596052000000000000e+06,6.137510079216461918e+02
7.596980000000000000e+06,6.142990170487672685e+02
7.597916000000000000e+06,6.148623034903203006e+02
7.598852000000000000e+06,6.153929097703435218e+02
7.599784000000000000e+06,6.158423173880836430e+02
7.600720000000000000e+06,6.161647711748587426e+02
7.601656000000000000e+06,6.163203148384101269e+02
7.602592000000000000e+06,6.162773968881441533e+02
7.603524000000000000e+06,6.160149448297582921e+02
7.604460000000000000e+06,6.155238538853785712e+02
7.605396000000000000e+06,6.148078796404204240e+02
7.606332000000000000e+06,6.138839442113525138e+02
7.607264000000000000e+06,6.127818562139791538e+02
7.608200000000000000e+06,6.115434185933204390e+02
7.609136000000000000e+06,6.102208805803036284e+02
7.610072000000000000e+06,6.088746997764515072e+02
7.611004000000000000e+06,6.075706159964946664e+02
7.611940000000000000e+06,6.063760844897001334e+02
7.612876000000000000e+06,6.053561649440209749e+02
7.613812000000000000e+06,6.045690256282047130e+02
7.614744000000000000e+06,6.040613159564931038e+02
7.615680000000000000e+06,6.038637842068529835e+02
7.616616000000000000e+06,6.039876388373386362e+02
7.617556000000000000e+06,6.044222196171795076e+02
7.618484000000000000e+06,6.051345082055981948e+02
7.619420000000000000e+06,6.060708419432127130e+02
7.620356000000000000e+06,6.071609122281881810e+02
7.621292000000000000e+06,6.083237778045460118e+02
7.622224000000000000e+06,6.094752747946727141e+02
7.623160000000000000e+06,6.105359374166307589e+02
7.624096000000000000e+06,6.114384212795482654e+02
7.625032000000000000e+06,6.121334786878198884e+02
7.625964000000000000e+06,6.125937625892888718e+02
7.626900000000000000e+06,6.128150778439288615e+02
7.627836000000000000e+06,6.128150715766059875e+02
7.628772000000000000e+06,6.126296796199794699e+02
7.629704000000000000e+06,6.123078817673892900e+02
7.630640000000000000e+06,6.119054643834419949e+02
7.631576000000000000e+06,6.114785609478107062e+02
7.632512000000000000e+06,6.110777444310270994e+02
7.633444000000000000e+06,6.107433664854873996e+02
7.634380000000000000e+06,6.105026583568177330e+02
7.635316000000000000e+06,6.103688257136370794e+02
7.636252000000000000e+06,6.103420199151412362e+02
7.637184000000000000e+06,6.104117286161458651e+02
7.638120000000000000e+06,6.105598969878644766e+02
7.639060000000000000e+06,6.107640448759173069e+02
7.639988000000000000e+06,6.109998031768661804e+02
7.640924000000000000e+06,6.112426006362942417e+02
7.641860000000000000e+06,6.114685812122846755e+02
7.642796000000000000e+06,6.116550944776963661e+02
7.643732000000000000e+06,6.117811790233530473e+02
7.644664000000000000e+06,6.118283309087911448e+02
7.645600000000000000e+06,6.117815918342572559e+02
7.646536000000000000e+06,6.116307418036154786e+02
7.647472000000000000e+06,6.113712611859627941e+02
7.648404000000000000e+06,6.110047797550926134e+02
7.649340000000000000e+06,6.105389048543997887e+02
7.650276000000000000e+06,6.099865159312437299e+02
7.651212000000000000e+06,6.093647382687564686e+02
7.652144000000000000e+06,6.086938262219606486e+02
7.653080000000000000e+06,6.079961117480481789e+02
7.654016000000000000e+06,6.072950582584355743e+02
7.654952000000000000e+06,6.066143627561962148e+02
7.655884000000000000e+06,6.059770157465816283e+02
7.656820000000000000e+06,6.054042686068329431e+02
7.657756000000000000e+06,6.049145427010948879e+02
7.658692000000000000e+06,6.045223948166703849e+02
7.659624000000000000e+06,6.042376940745928096e+02
7.660564000000000000e+06,6.040651600546476629e+02
7.661496000000000000e+06,6.040043696146325374e+02
7.662432000000000000e+06,6.040502666780555501e+02
7.663364000000000000e+06,6.041941117488489681e+02
7.664300000000000000e+06,6.044247097485323366e+02
7.665236000000000000e+06,6.047296936663773295e+02
7.666172000000000000e+06,6.050966424518700251e+02
7.667104000000000000e+06,6.055138670327253294e+02
7.668040000000000000e+06,6.059707789118906476e+02
7.668976000000000000e+06,6.064578362407975192e+02
7.669912000000000000e+06,6.069661335067540904e+02
7.670844000000000000e+06,6.074867631605936822e+02
7.671780000000000000e+06,6.080101293996198137e+02
7.672716000000000000e+06,6.085254277251559643e+02
7.673652000000000000e+06,6.090205034493051244e+02
7.674584000000000000e+06,6.094822519984354585e+02
7.675520000000000000e+06,6.098976186989208372e+02
7.676456000000000000e+06,6.102551108239027826e+02
7.677392000000000000e+06,6.105465843894236286e+02
7.678324000000000000e+06,6.107689550198207371e+02
7.679260000000000000e+06,6.109254407460280163e+02
7.680196000000000000e+06,6.110259897188037712e+02
7.681132000000000000e+06,6.110866705876499054e+02
7.682068000000000000e+06,6.111279835322387726e+02
7.683000000000000000e+06,6.111722503606538339e+02
7.683936000000000000e+06,6.112404239995985336e+02
7.684872000000000000e+06,6.113487875493989350e+02
7.685804000000000000e+06,6.115060674228169546e+02
7.686740000000000000e+06,6.117114512348153994e+02
7.687676000000000000e+06,6.119538793855366521e+02
7.688612000000000000e+06,6.122127879135789499e+02
7.689544000000000000e+06,6.124602544341510111e+02
7.690480000000000000e+06,6.126642806281897720e+02
7.691416000000000000e+06,6.127927708531094595e+02
7.692352000000000000e+06,6.128176647656566729e+02
7.693284000000000000e+06,6.127186689000071738e+02
7.694220000000000000e+06,6.124861074102763041e+02
7.695156000000000000e+06,6.121225535174544348e+02
7.696092000000000000e+06,6.116430741812872611e+02
7.697024000000000000e+06,6.110740889078082319e+02
7.697960000000000000e+06,6.104509948890141686e+02
7.698896000000000000e+06,6.098148434437953256e+02
7.699832000000000000e+06,6.092084617755016325e+02
7.700764000000000000e+06,6.086724803155266272e+02
7.701700000000000000e+06,6.082417255750650611e+02
7.702636000000000000e+06,6.079423640792017522e+02
7.703572000000000000e+06,6.077900558885438613e+02
7.704504000000000000e+06,6.077892349211665532e+02
7.705440000000000000e+06,6.079335070855994445e+02
7.706376000000000000e+06,6.082070512089180738e+02
7.707312000000000000e+06,6.085868139087921236e+02
7.708244000000000000e+06,6.090452093061763890e+02
7.709180000000000000e+06,6.095529855638603749e+02
7.710116000000000000e+06,6.100819218874186163e+02
7.711052000000000000e+06,6.106070743619492305e+02
7.711984000000000000e+06,6.111083799832116483e+02
7.712920000000000000e+06,6.115715314061145591e+02
7.713856000000000000e+06,6.119881315019397334e+02
7.714788000000000000e+06,6.123552158610777951e+02
7.715724000000000000e+06,6.126742850793411890e+02
7.716660000000000000e+06,6.129500103696981341e+02
7.717596000000000000e+06,6.131887663722606021e+02
7.718532000000000000e+06,6.133971191757161705e+02
7.719464000000000000e+06,6.135803804691142886e+02
7.720400000000000000e+06,6.137413461261268139e+02
7.721336000000000000e+06,6.138793600591277482e+02
7.722272000000000000e+06,6.139898533470166058e+02
7.723204000000000000e+06,6.140644796921440047e+02
7.724140000000000000e+06,6.140918980810577068e+02
7.725076000000000000e+06,6.140591591028380662e+02
7.726012000000000000e+06,6.139535559071442776e+02
7.726944000000000000e+06,6.137647238202151811e+02
7.727880000000000000e+06,6.134867290242859781e+02
7.728816000000000000e+06,6.131198850156607705e+02
7.729752000000000000e+06,6.126720732194397669e+02
7.730684000000000000e+06,6.121594085233605256e+02
7.731620000000000000e+06,6.116061673310592823e+02
7.732556000000000000e+06,6.110439739925435561e+02
7.733492000000000000e+06,6.105103112942363168e+02
7.734424000000000000e+06,6.100464715225340342e+02
7.735360000000000000e+06,6.096950868417820857e+02
7.736296000000000000e+06,6.094973676190118113e+02
7.737228000000000000e+06,6.094901443417057862e+02
7.738164000000000000e+06,6.097027777903928154e+02
7.739100000000000000e+06,6.101540036477701960e+02
7.740036000000000000e+06,6.108488318319155042e+02
7.740972000000000000e+06,6.117757252741162119e+02
7.741904000000000000e+06,6.129044094494685169e+02
7.742840000000000000e+06,6.141847659341727876e+02
7.743776000000000000e+06,6.155472935185279084e+02
7.744712000000000000e+06,6.169055496072973028e+02
7.745644000000000000e+06,6.181608057845675148e+02
7.746580000000000000e+06,6.192088752528449049e+02
7.747516000000000000e+06,6.199487252295440385e+02
7.748452000000000000e+06,6.202921253810383178e+02
7.749384000000000000e+06,6.201732721871316016e+02
7.750320000000000000e+06,6.195571396796389081e+02
7.751256000000000000e+06,6.184453011021563498e+02
7.752192000000000000e+06,6.168781874845226412e+02
7.753124000000000000e+06,6.149332054794019768e+02
7.754060000000000000e+06,6.127187720509805331e+02
7.754996000000000000e+06,6.103650058391740458e+02
7.755932000000000000e+06,6.080123655416906558e+02
7.756864000000000000e+06,6.057997871162499450e+02
7.757800000000000000e+06,6.038537803402050486e+02
7.758736000000000000e+06,6.022795644797727164e+02
7.759672000000000000e+06,6.011548133902656446e+02
7.760604000000000000e+06,6.005261220042996229e+02
7.761540000000000000e+06,6.004080136561881318e+02
7.762476000000000000e+06,6.007841900049891137e+02
7.763412000000000000e+06,6.016107062680736135e+02
7.764344000000000000e+06,6.028207371774499279e+02
7.765280000000000000e+06,6.043305318900074781e+02
7.766216000000000000e+06,6.060460562244971925e+02
7.767152000000000000e+06,6.078697446774424407e+02
7.768084000000000000e+06,6.097067805010400434e+02
7.769020000000000000e+06,6.114704033584187073e+02
7.769956000000000000e+06,6.130858961924292316e+02
7.770892000000000000e+06,6.144930995027978042e+02
7.771824000000000000e+06,6.156475101921337227e+02
7.772760000000000000e+06,6.165202041136952857e+02
7.773696000000000000e+06,6.170969359088006740e+02
7.774632000000000000e+06,6.173767939079333473e+02
7.775564000000000000e+06,6.173707308954913060e+02
7.776500000000000000e+06,6.171001858280765191e+02
7.777436000000000000e+06,6.165958890059703208e+02
7.778372000000000000e+06,6.158968216948516101e+02
7.779304000000000000e+06,6.150491938676952941e+02
7.780240000000000000e+06,6.141052321923473301e+02
7.781176000000000000e+06,6.131215599966064929e+02
7.782112000000000000e+06,6.121570117965023883e+02
7.783044000000000000e+06,6.112698418391829591e+02
7.783980000000000000e+06,6.105144278895612615e+02
7.784916000000000000e+06,6.099377075973511637e+02
7.785852000000000000e+06,6.095756925937126880e+02
7.786784000000000000e+06,6.094504678383390228e+02
7.787720000000000000e+06,6.095680862645900788e+02
7.788656000000000000e+06,6.099177023624711182e+02
7.789592000000000000e+06,6.104721540219738927e+02
7.790524000000000000e+06,6.111900142814041601e+02
7.791460000000000000e+06,6.120189236525989145e+02
7.792396000000000000e+06,6.128998231675826673e+02
7.793332000000000000e+06,6.137715846294757966e+02
7.794264000000000000e+06,6.145755084400988153e+02
7.795200000000000000e+06,6.152592315396994991e+02
7.796136000000000000e+06,6.157797294285431917e+02
7.797072000000000000e+06,6.161052620956986630e+02
7.798004000000000000e+06,6.162162619264852310e+02
7.798940000000000000e+06,6.161052681223775380e+02
7.799876000000000000e+06,6.157760759401694486e+02
7.800808000000000000e+06,6.152423047635088551e+02
7.801744000000000000e+06,6.145256109833907203e+02
7.802680000000000000e+06,6.136537828928834415e+02
7.803616000000000000e+06,6.126589470593713713e+02
7.804552000000000000e+06,6.115760755710117564e+02
7.805484000000000000e+06,6.104419007273960460e+02
7.806420000000000000e+06,6.092942211411184417e+02
7.807356000000000000e+06,6.081714463956278678e+02
7.808288000000000000e+06,6.071121232618146450e+02
7.809224000000000000e+06,6.061541664022026907e+02
7.810160000000000000e+06,6.053336082877674471e+02
7.811096000000000000e+06,6.046828665341121223e+02
7.812028000000000000e+06,6.042287331696412593e+02
7.812964000000000000e+06,6.039904328225595691e+02
7.813900000000000000e+06,6.039781166781916681e+02
7.814836000000000000e+06,6.041920560019174218e+02
7.815772000000000000e+06,6.046226266885640825e+02
7.816704000000000000e+06,6.052510068586385614e+02
7.817640000000000000e+06,6.060503947454334366e+02
7.818576000000000000e+06,6.069875107966686301e+02
7.819512000000000000e+06,6.080241684789807550e+02
7.820444000000000000e+06,6.091187656693308554e+02
7.821380000000000000e+06,6.102276417365908401e+02
7.822316000000000000e+06,6.113063386135091832e+02
7.823252000000000000e+06,6.123108676333901030e+02
7.824184000000000000e+06,6.131990932562578109e+02
7.825120000000000000e+06,6.139322963327416574e+02
7.826056000000000000e+06,6.144768971857795350e+02
7.826992000000000000e+06,6.148062398933273016e+02
7.827924000000000000e+06,6.149022889539495509e+02
7.828860000000000000e+06,6.147570690795831752e+02
7.829796000000000000e+06,6.143736773655068646e+02
7.830732000000000000e+06,6.137667118137053421e+02
7.831664000000000000e+06,6.129619998929697431e+02
7.832600000000000000e+06,6.119955795641449185e+02
7.833536000000000000e+06,6.109119685525050727e+02
7.834472000000000000e+06,6.097618309539917618e+02
7.835404000000000000e+06,6.085992006817725724e+02
7.836340000000000000e+06,6.074784562757980666e+02
7.837276000000000000e+06,6.064512727144581277e+02
7.838212000000000000e+06,6.055637986398321573e+02
7.839144000000000000e+06,6.048543029607395738e+02
7.840080000000000000e+06,6.043514883813655842e+02
7.841016000000000000e+06,6.040735826628207406e+02
7.841952000000000000e+06,6.040282072202830932e+02
7.842884000000000000e+06,6.042129110828144576e+02
7.843820000000000000e+06,6.046161752077587153e+02
7.844756000000000000e+06,6.052186650405408272e+02
7.845688000000000000e+06,6.059945511605127422e+02
7.846624000000000000e+06,6.069128156660133300e+02
7.847560000000000000e+06,6.079385755733087535e+02
7.848496000000000000e+06,6.090345315860760138e+02
7.849432000000000000e+06,6.101626503208980239e+02
7.850364000000000000e+06,6.112861024571276403e+02
7.851300000000000000e+06,6.123713387868799600e+02
7.852236000000000000e+06,6.133900444336256896e+02
7.853172000000000000e+06,6.143206201534741240e+02
7.854104000000000000e+06,6.151488313858847050e+02
7.855040000000000000e+06,6.158673532796080963e+02
7.855976000000000000e+06,6.164741205410098246e+02
7.856912000000000000e+06,6.169696451916528304e+02
7.857844000000000000e+06,6.173537501566105448e+02
7.858780000000000000e+06,6.176224139392650159e+02
7.859716000000000000e+06,6.177655517263433467e+02
7.860652000000000000e+06,6.177665056280497993e+02
7.861584000000000000e+06,6.176037550535542096e+02
7.862520000000000000e+06,6.172549123505887110e+02
7.863456000000000000e+06,6.167025150623935588e+02
7.864392000000000000e+06,6.159405854261478908e+02
7.865324000000000000e+06,6.149805471409030133e+02
7.866260000000000000e+06,6.138550037995228195e+02
7.867196000000000000e+06,6.126181664459502372e+02
7.868132000000000000e+06,6.113423472386597268e+02
7.869064000000000000e+06,6.101107887324576495e+02
7.870000000000000000e+06,6.090079713996735791e+02
7.870936000000000000e+06,6.081091969611775312e+02
7.871872000000000000e+06,6.074714685524753577e+02
7.872804000000000000e+06,6.071273695746627936e+02
7.873740000000000000e+06,6.070828421643027468e+02
7.874676000000000000e+06,6.073187340335848603e+02
7.875612000000000000e+06,6.077950826821537476e+02
7.876544000000000000e+06,6.084566596235144971e+02
7.877480000000000000e+06,6.092384312984073631e+02
7.878416000000000000e+06,6.100701854892129177e+02
7.879352000000000000e+06,6.108803172031508666e+02
7.880284000000000000e+06,6.115993231137405246e+02
7.881220000000000000e+06,6.121636886164828866e+02
7.882156000000000000e+06,6.125205387655229288e+02
7.883092000000000000e+06,6.126328324457012968e+02
7.884024000000000000e+06,6.124842843387630182e+02
7.884960000000000000e+06,6.120828623230138419e+02
7.885896000000000000e+06,6.114617708972746186e+02
7.886828000000000000e+06,6.106772740421630488e+02
7.887764000000000000e+06,6.098033786078119647e+02
7.888700000000000000e+06,6.089240741211264094e+02
7.889636000000000000e+06,6.081243063208141848e+02
7.890572000000000000e+06,6.074810302788831677e+02
7.891504000000000000e+06,6.070555410850680573e+02
7.892440000000000000e+06,6.068879186340535625e+02
7.893376000000000000e+06,6.069940004623914547e+02
7.894308000000000000e+06,6.073649396526299142e+02
7.895244000000000000e+06,6.079691657037368486e+02
7.896180000000000000e+06,6.087564216279864695e+02
7.897116000000000000e+06,6.096634396200357742e+02
7.898048000000000000e+06,6.106206937151647480e+02
7.898984000000000000e+06,6.115595339851982999e+02
7.899920000000000000e+06,6.124189135442393308e+02
7.900856000000000000e+06,6.131509275269144155e+02
7.901792000000000000e+06,6.137245229433564191e+02
7.902724000000000000e+06,6.141269971029504404e+02
7.903660000000000000e+06,6.143632329757859907e+02
7.904596000000000000e+06,6.144529550550489603e+02
7.905532000000000000e+06,6.144265574044434288e+02
7.906464000000000000e+06,6.143202027671425185e+02
7.907400000000000000e+06,6.141709018836437508e+02
7.908336000000000000e+06,6.140121803581025688e+02
7.909268000000000000e+06,6.138707731970239365e+02
7.910204000000000000e+06,6.137645966845029761e+02
7.911140000000000000e+06,6.137020592807649564e+02
7.912076000000000000e+06,6.136826033517570522e+02
7.913012000000000000e+06,6.136982314731203587e+02
7.913944000000000000e+06,6.137356767368935380e+02
7.914880000000000000e+06,6.137788352147160822e+02
7.915816000000000000e+06,6.138110988361504496e+02
7.916752000000000000e+06,6.138173106983371099e+02
7.917684000000000000e+06,6.137851944992257813e+02
7.918620000000000000e+06,6.137062425360392126e+02
7.919556000000000000e+06,6.135761343866325888e+02
7.920488000000000000e+06,6.133947798267092821e+02
7.921424000000000000e+06,6.131660537654960308e+02
7.922360000000000000e+06,6.128972591975336854e+02
7.923296000000000000e+06,6.125983502000799490e+02
7.924232000000000000e+06,6.122809785831965428e+02
7.925164000000000000e+06,6.119574735870379527e+02
7.926100000000000000e+06,6.116398867976258771e+02
7.927036000000000000e+06,6.113392081841636809e+02
7.927972000000000000e+06,6.110647910656388149e+02
7.928904000000000000e+06,6.108239495743453062e+02
7.929840000000000000e+06,6.106216496964710814e+02
7.930776000000000000e+06,6.104602229437138021e+02
7.931712000000000000e+06,6.103390859869792848e+02
7.933580000000000000e+06,6.102545279828760840e+02
7.934516000000000000e+06,6.101996945899221600e+02
7.935452000000000000e+06,6.101649158171650242e+02
7.936384000000000000e+06,6.101384732688458143e+02
7.937320000000000000e+06,6.101077952166231171e+02
7.938256000000000000e+06,6.100609495606656765e+02
7.939192000000000000e+06,6.099882222731228012e+02
7.940124000000000000e+06,6.098835451877887408e+02
7.941060000000000000e+06,6.097455650304763140e+02
7.941996000000000000e+06,6.095782034374989280e+02
7.942932000000000000e+06,6.093906266734289829e+02
7.943864000000000000e+06,6.091966155718954496e+02
7.944800000000000000e+06,6.090133972515707228e+02
7.945736000000000000e+06,6.088600627256789721e+02
7.946672000000000000e+06,6.087557374063028419e+02
7.947604000000000000e+06,6.087176877611112786e+02
7.948540000000000000e+06,6.087595372498311690e+02
7.949476000000000000e+06,6.088897322578720832e+02
7.950412000000000000e+06,6.091103524977398820e+02
7.951344000000000000e+06,6.094163170763816879e+02
7.952280000000000000e+06,6.097950182028888548e+02
7.953216000000000000e+06,6.102264301023668622e+02
7.954152000000000000e+06,6.106837796297152181e+02
7.955084000000000000e+06,6.111348965649717684e+02
7.956020000000000000e+06,6.115443507047256162e+02
7.956956000000000000e+06,6.118764063704084037e+02
7.957892000000000000e+06,6.120986818280758825e+02
7.958824000000000000e+06,6.121862173948969712e+02
7.959760000000000000e+06,6.121254791297477595e+02
7.960696000000000000e+06,6.119177062943552983e+02
7.961632000000000000e+06,6.115809877291004568e+02
7.962564000000000000e+06,6.111505425315177717e+02
7.963500000000000000e+06,6.106768828171086625e+02
7.964436000000000000e+06,6.102218284375351232e+02
7.965372000000000000e+06,6.098526772929316166e+02
7.966304000000000000e+06,6.096351418042182786e+02
7.967240000000000000e+06,6.096258720545303049e+02
7.968176000000000000e+06,6.098654534545421484e+02
7.969112000000000000e+06,6.103726912842597585e+02
7.970044000000000000e+06,6.111408211948412372e+02
7.970980000000000000e+06,6.121360774922483188e+02
7.971916000000000000e+06,6.132988546719365104e+02
7.972848000000000000e+06,6.145475158158525346e+02
7.973784000000000000e+06,6.157847031434290557e+02
7.974720000000000000e+06,6.169057565139322605e+02
7.975656000000000000e+06,6.178085425914379130e+02
7.976592000000000000e+06,6.184036895974948038e+02
7.977524000000000000e+06,6.186240001626708818e+02
7.978460000000000000e+06,6.184317744267831358e+02
7.979396000000000000e+06,6.178229767409976603e+02
7.980332000000000000e+06,6.168276112372262787e+02
7.981264000000000000e+06,6.155062494562117763e+02
7.982200000000000000e+06,6.139432489483831432e+02
7.983136000000000000e+06,6.122376881911511646e+02
7.984068000000000000e+06,6.104933285056829391e+02
7.985004000000000000e+06,6.088089575108724603e+02
7.985940000000000000e+06,6.072702845629627291e+02
7.986876000000000000e+06,6.059442044356346742e+02
7.987812000000000000e+06,6.048758040961190545e+02
7.988744000000000000e+06,6.040880475034324490e+02
7.989680000000000000e+06,6.035837148058835737e+02
7.990616000000000000e+06,6.033489506894826491e+02
7.991552000000000000e+06,6.033577056399277581e+02
7.992484000000000000e+06,6.035764008652076882e+02
7.993420000000000000e+06,6.039682557048607805e+02
7.994356000000000000e+06,6.044968421052690246e+02
7.995292000000000000e+06,6.051285656061118061e+02
7.996224000000000000e+06,6.058339294476888881e+02
7.997160000000000000e+06,6.065876219913762952e+02
7.999032000000000000e+06,6.073676557107074814e+02
7.999964000000000000e+06,6.081539393679915975e+02
8.000900000000000000e+06,6.089267477799012340e+02
8.001836000000000000e+06,6.096655470397265617e+02
8.002772000000000000e+06,6.103485381913353649e+02
8.003704000000000000e+06,6.109531181482652755e+02
8.004640000000000000e+06,6.114572570272844132e+02
8.005576000000000000e+06,6.118415966795423628e+02
8.006512000000000000e+06,6.120919206464968738e+02
8.007444000000000000e+06,6.122015505291859654e+02
8.008380000000000000e+06,6.121731952547187348e+02
8.009316000000000000e+06,6.120198249728880455e+02
8.010252000000000000e+06,6.117642705768909082e+02
8.011184000000000000e+06,6.114374613085840338e+02
8.012120000000000000e+06,6.110754730147646114e+02
8.013056000000000000e+06,6.107158044411796709e+02
8.013992000000000000e+06,6.103934599131068808e+02
8.014924000000000000e+06,6.101374489501175731e+02
8.015860000000000000e+06,6.099682084711529342e+02
8.016796000000000000e+06,6.098962390684557704e+02
8.017732000000000000e+06,6.099219821026471209e+02
8.018664000000000000e+06,6.100367262516647315e+02
8.019600000000000000e+06,6.102241889944078821e+02
8.020536000000000000e+06,6.104623980510797310e+02
8.021472000000000000e+06,6.107255770749544581e+02
8.022404000000000000e+06,6.109858667526294767e+02
8.023340000000000000e+06,6.112148363163250906e+02
8.024276000000000000e+06,6.113848274272356775e+02
8.025212000000000000e+06,6.114702060309452918e+02
8.026144000000000000e+06,6.114485792927418970e+02
8.027080000000000000e+06,6.113019839494423877e+02
8.028016000000000000e+06,6.110179999654387757e+02
8.028952000000000000e+06,6.105907127383871966e+02
8.029884000000000000e+06,6.100214419670139705e+02
8.030820000000000000e+06,6.093191642303319213e+02
8.031756000000000000e+06,6.085005673272121385e+02
8.032692000000000000e+06,6.075896841587966719e+02
8.033624000000000000e+06,6.066170673812093810e+02
8.034560000000000000e+06,6.056184915842254668e+02
8.035496000000000000e+06,6.046332128701517377e+02
8.036432000000000000e+06,6.037018729035982005e+02
8.037364000000000000e+06,6.028641916691564120e+02
8.038300000000000000e+06,6.021566315721955789e+02
8.039236000000000000e+06,6.016102217375824921e+02
8.040172000000000000e+06,6.012487052943872641e+02
8.041104000000000000e+06,6.010871282309121852e+02
8.042040000000000000e+06,6.011309454667309637e+02
8.042976000000000000e+06,6.013756894034643210e+02
8.043912000000000000e+06,6.018072266849080734e+02
8.044844000000000000e+06,6.024026130142881357e+02
8.045780000000000000e+06,6.031315394020407439e+02
8.046716000000000000e+06,6.039583436736446629e+02
8.047652000000000000e+06,6.048445305619185319e+02
8.048584000000000000e+06,6.057516886484444285e+02
8.049520000000000000e+06,6.066446063050473185e+02
8.050456000000000000e+06,6.074942873894292461e+02
8.051392000000000000e+06,6.082804885357847979e+02
8.052324000000000000e+06,6.089933842488544542e+02
8.053260000000000000e+06,6.096340352304263206e+02
8.054196000000000000e+06,6.102134823083564470e+02
8.055132000000000000e+06,6.107504833575090970e+02
8.056064000000000000e+06,6.112681154847704192e+02
8.057000000000000000e+06,6.117896449634633882e+02
8.057936000000000000e+06,6.123341976617887212e+02
8.058872000000000000e+06,6.129128255389953210e+02
8.059804000000000000e+06,6.135255469095392300e+02
8.060740000000000000e+06,6.141598326570818926e+02
8.061676000000000000e+06,6.147908252700718776e+02
8.062612000000000000e+06,6.153833399644234987e+02
8.064480000000000000e+06,6.158954476820860009e+02
8.065416000000000000e+06,6.162832176752997384e+02
8.066352000000000000e+06,6.165060313703286283e+02
8.067284000000000000e+06,6.165317890287919909e+02
8.068220000000000000e+06,6.163413320336561583e+02
8.069156000000000000e+06,6.159315036990095678e+02
8.070092000000000000e+06,6.153164589419993717e+02
8.071024000000000000e+06,6.145270751152644380e+02
8.071960000000000000e+06,6.136085674596949957e+02
8.072896000000000000e+06,6.126166281662416395e+02
8.073832000000000000e+06,6.116125542182489880e+02
8.074764000000000000e+06,6.106578918691053559e+02
8.075700000000000000e+06,6.098091155902557148e+02
8.076636000000000000e+06,6.091128079076706854e+02
8.077572000000000000e+06,6.086017469273605229e+02
8.078504000000000000e+06,6.082922531101567074e+02
8.079440000000000000e+06,6.081830806061749399e+02
8.080376000000000000e+06,6.082560325144273747e+02
8.081312000000000000e+06,6.084783161621005547e+02
8.082244000000000000e+06,6.088064439937032830e+02
8.083180000000000000e+06,6.091912657532612911e+02
8.084116000000000000e+06,6.095835391046044833e+02
8.085052000000000000e+06,6.099393525757731140e+02
8.085984000000000000e+06,6.102247298740369388e+02
8.086920000000000000e+06,6.104188660992756468e+02
8.087856000000000000e+06,6.105156485318611885e+02
8.088792000000000000e+06,6.105233552038665721e+02
8.089724000000000000e+06,6.104626589354759290e+02
8.090660000000000000e+06,6.103632624496103745e+02
8.091596000000000000e+06,6.102596386595056401e+02
8.092532000000000000e+06,6.101864423412133647e+02
8.093464000000000000e+06,6.101741834710888952e+02
8.094400000000000000e+06,6.102456956308622011e+02
8.095336000000000000e+06,6.104137939587222945e+02
8.096272000000000000e+06,6.106803161293171343e+02
8.097204000000000000e+06,6.110365164230972823e+02
8.098140000000000000e+06,6.114645859821056320e+02
8.099076000000000000e+06,6.119399451219059074e+02
8.100012000000000000e+06,6.124339179015152013e+02
8.100944000000000000e+06,6.129164448690327163e+02
8.101880000000000000e+06,6.133585798834765228e+02
8.102816000000000000e+06,6.137346092593588764e+02
8.103752000000000000e+06,6.140237027779676282e+02
8.104684000000000000e+06,6.142110568809440565e+02
8.105620000000000000e+06,6.142885316586748559e+02
8.106556000000000000e+06,6.142548208943709369e+02
8.107492000000000000e+06,6.141152246518541915e+02
8.108424000000000000e+06,6.138811085515239938e+02
8.109360000000000000e+06,6.135691263765512531e+02
8.110296000000000000e+06,6.132002516245494235e+02
8.111232000000000000e+06,6.127986168557054043e+02
8.112164000000000000e+06,6.123901172655575920e+02
8.113100000000000000e+06,6.120007251867334617e+02
8.114036000000000000e+06,6.116545083421528943e+02
8.114972000000000000e+06,6.113714485805975301e+02
8.115904000000000000e+06,6.111652915571102085e+02
8.116840000000000000e+06,6.110417682810800670e+02
8.117776000000000000e+06,6.109975590683121709e+02
8.118712000000000000e+06,6.110202882251692245e+02
8.119644000000000000e+06,6.110896624297894277e+02
8.120580000000000000e+06,6.111796590386363732e+02
8.121516000000000000e+06,6.112615007135935912e+02
8.122452000000000000e+06,6.113070562144507676e+02
8.123384000000000000e+06,6.112922791664525448e+02
8.124320000000000000e+06,6.112003123785118532e+02
8.125256000000000000e+06,6.110239256497491169e+02
8.126192000000000000e+06,6.107670145640637429e+02
8.127124000000000000e+06,6.104449682668303012e+02
8.128060000000000000e+06,6.100838156202488562e+02
8.128996000000000000e+06,6.097181752526703349e+02
8.129932000000000000e+06,6.093881540048120087e+02
8.130864000000000000e+06,6.091354468227957568e+02
8.131800000000000000e+06,6.089989795006115401e+02
8.132736000000000000e+06,6.090104996522118199e+02
8.133672000000000000e+06,6.091905596742112721e+02
8.134604000000000000e+06,6.095453450229261989e+02
8.135540000000000000e+06,6.100647734474919162e+02
8.136476000000000000e+06,6.107222132540084658e+02
8.137412000000000000e+06,6.114760294818705688e+02
8.138344000000000000e+06,6.122729633861118828e+02
8.139280000000000000e+06,6.130530986319043905e+02
8.140216000000000000e+06,6.137559069522092159e+02
8.141152000000000000e+06,6.143266549748016132e+02
8.142084000000000000e+06,6.147223501419354079e+02
8.143020000000000000e+06,6.149164406324840684e+02
8.143956000000000000e+06,6.149016583118586823e+02
8.144892000000000000e+06,6.146906683183823361e+02
8.145824000000000000e+06,6.143145082360452989e+02
8.146760000000000000e+06,6.138191031406784077e+02
8.147696000000000000e+06,6.132603765701851444e+02
8.148632000000000000e+06,6.126986072023108818e+02
8.149564000000000000e+06,6.121926997016579435e+02
8.150500000000000000e+06,6.117949651247363363e+02
8.151436000000000000e+06,6.115468754049306881e+02
8.152372000000000000e+06,6.114761007807589976e+02
8.153304000000000000e+06,6.115949805801959656e+02
8.154240000000000000e+06,6.119004271135511317e+02
8.155176000000000000e+06,6.123751247940640496e+02
8.156112000000000000e+06,6.129897692282046364e+02
8.157044000000000000e+06,6.137060076378248823e+02
8.157980000000000000e+06,6.144797105635851722e+02
8.158916000000000000e+06,6.152642365433559917e+02
8.159852000000000000e+06,6.160134375427506939e+02
8.160784000000000000e+06,6.166842621988346309e+02
8.161720000000000000e+06,6.172389072226960707e+02
8.162656000000000000e+06,6.176465185355355061e+02
8.163592000000000000e+06,6.178844522802585288e+02
8.164524000000000000e+06,6.179390917800409397e+02
8.165460000000000000e+06,6.178062043311006164e+02
8.166396000000000000e+06,6.174908266737777467e+02
8.167332000000000000e+06,6.170066921568711678e+02
8.168264000000000000e+06,6.163752480133081235e+02
8.169200000000000000e+06,6.156243456286985065e+02
8.170136000000000000e+06,6.147867106993260222e+02
8.171072000000000000e+06,6.138983111122045102e+02
8.172004000000000000e+06,6.129967399665812309e+02
8.172940000000000000e+06,6.121197191491202148e+02
8.173876000000000000e+06,6.113038007857663843e+02
8.174812000000000000e+06,6.105832952308711583e+02
8.175744000000000000e+06,6.099893875452349903e+02
8.176680000000000000e+06,6.095493353660870071e+02
8.177616000000000000e+06,6.092855985529810141e+02
8.178548000000000000e+06,6.092147647164404134e+02
8.179484000000000000e+06,6.093462158559327690e+02
8.180420000000000000e+06,6.096806120521750927e+02
8.181356000000000000e+06,6.102084086466254575e+02
8.182292000000000000e+06,6.109087293687884994e+02
8.183224000000000000e+06,6.117489574616026857e+02
8.184160000000000000e+06,6.126853671440684366e+02
8.185096000000000000e+06,6.136650014391937020e+02
8.186032000000000000e+06,6.146288232710057855e+02
8.186964000000000000e+06,6.155159517789666097e+02
8.187900000000000000e+06,6.162685874072790284e+02
8.188836000000000000e+06,6.168370766141530339e+02
8.189768000000000000e+06,6.171845073004611777e+02
8.190704000000000000e+06,6.172902694149319132e+02
8.191640000000000000e+06,6.171521438794633241e+02
8.192576000000000000e+06,6.167866638258241210e+02
8.193512000000000000e+06,6.162276916744224309e+02
8.194444000000000000e+06,6.155233498823818081e+02
8.195380000000000000e+06,6.147316200842590206e+02
8.196316000000000000e+06,6.139150770838781455e+02
8.197252000000000000e+06,6.131353341076214747e+02
8.198184000000000000e+06,6.124478141724463285e+02
8.199120000000000000e+06,6.118974024255045379e+02
8.200056000000000000e+06,6.115153772748814163e+02
8.200992000000000000e+06,6.113178040207430968e+02
8.201924000000000000e+06,6.113053640296583353e+02
8.202860000000000000e+06,6.114644347748433120e+02
8.203796000000000000e+06,6.117691518593188675e+02
8.204732000000000000e+06,6.121841690403580287e+02
8.205664000000000000e+06,6.126678665002942807e+02
8.206600000000000000e+06,6.131758101848212164e+02
8.207536000000000000e+06,6.136643021775915940e+02
8.208472000000000000e+06,6.140938647389756397e+02
8.209404000000000000e+06,6.144324743891899061e+02
8.210340000000000000e+06,6.146583277583108611e+02
8.211276000000000000e+06,6.147618975655352642e+02
8.212212000000000000e+06,6.147470388669744352e+02
8.213144000000000000e+06,6.146309426442143149e+02
8.214080000000000000e+06,6.144428117423128697e+02
8.215016000000000000e+06,6.142212527777319337e+02
8.215952000000000000e+06,6.140105289409201532e+02
8.216884000000000000e+06,6.138559837997737532e+02
8.217820000000000000e+06,6.137990941607158675e+02
8.218756000000000000e+06,6.138727050496217998e+02
8.219692000000000000e+06,6.140970152564607361e+02
8.220624000000000000e+06,6.144768088061732669e+02
8.221560000000000000e+06,6.150002772114565914e+02
8.222496000000000000e+06,6.156395796315941880e+02
8.223432000000000000e+06,6.163530847672581103e+02
8.224364000000000000e+06,6.170890632637671160e+02
8.225300000000000000e+06,6.177904604489883695e+02
8.226236000000000000e+06,6.184002632618907001e+02
8.227172000000000000e+06,6.188668771327627383e+02
8.228104000000000000e+06,6.191488747797493488e+02
8.229040000000000000e+06,6.192185151321295962e+02
8.229976000000000000e+06,6.190635836938389502e+02
8.230912000000000000e+06,6.186873595371678221e+02
8.231844000000000000e+06,6.181068185130925485e+02
8.232780000000000000e+06,6.173494743176371458e+02
8.233716000000000000e+06,6.164494780510070768e+02
8.234652000000000000e+06,6.154436955039445820e+02
8.235584000000000000e+06,6.143684386706570422e+02
8.236520000000000000e+06,6.132573560647987279e+02
8.237456000000000000e+06,6.121407231920925369e+02
8.238392000000000000e+06,6.110460694668101951e+02
8.239324000000000000e+06,6.099997837009989325e+02
8.240260000000000000e+06,6.090291119330809124e+02
8.241196000000000000e+06,6.081638507575587482e+02
8.242128000000000000e+06,6.074370794108129985e+02
8.243064000000000000e+06,6.068844613099284970e+02
8.244000000000000000e+06,6.065419399623336858e+02
8.244936000000000000e+06,6.064419943425285737e+02
8.245872000000000000e+06,6.066089418090871277e+02
8.246804000000000000e+06,6.070540250471234458e+02
8.247740000000000000e+06,6.077711467717089135e+02
8.248676000000000000e+06,6.087340940932363083e+02
8.249612000000000000e+06,6.098959201707586999e+02
8.250544000000000000e+06,6.111908456181791962e+02
8.251480000000000000e+06,6.125386516453580725e+02
8.252420000000000000e+06,6.138511292383673208e+02
8.253352000000000000e+06,6.150398046775267176e+02
8.254284000000000000e+06,6.160239532442681138e+02
8.255220000000000000e+06,6.167378796291933440e+02
8.256156000000000000e+06,6.171365822138944850e+02
8.257092000000000000e+06,6.171991900629449219e+02
8.258024000000000000e+06,6.169299065854952460e+02
8.258960000000000000e+06,6.163565460694514968e+02
8.259896000000000000e+06,6.155270464579358531e+02
8.260832000000000000e+06,6.145045378210140825e+02
8.261764000000000000e+06,6.133616213000750577e+02
8.262700000000000000e+06,6.121744755910702906e+02
8.263636000000000000e+06,6.110172867558453618e+02
8.264572000000000000e+06,6.099573379274438594e+02
8.265504000000000000e+06,6.090509504751709073e+02
8.266440000000000000e+06,6.083403762439936600e+02
8.267376000000000000e+06,6.078517073682044156e+02
8.268312000000000000e+06,6.075938675539897531e+02
8.269244000000000000e+06,6.075587338899064207e+02
8.270180000000000000e+06,6.077223798879376773e+02
8.271116000000000000e+06,6.080473264463400938e+02
8.272052000000000000e+06,6.084855670932755629e+02
8.272984000000000000e+06,6.089820444120654201e+02
8.273928000000000000e+06,6.094782390499644862e+02
8.274856000000000000e+06,6.099156100859070193e+02
8.275792000000000000e+06,6.102387774342510056e+02
8.276724000000000000e+06,6.103985050941553254e+02
8.277660000000000000e+06,6.103546461657199416e+02
8.278596000000000000e+06,6.100791791424596795e+02
8.279532000000000000e+06,6.095592909970499704e+02
8.280464000000000000e+06,6.088002100047363001e+02
8.281400000000000000e+06,6.078272668484435144e+02
8.282336000000000000e+06,6.066865640996554703e+02
8.283272000000000000e+06,6.054437140749957962e+02
8.284204000000000000e+06,6.041803600002069743e+02
8.285140000000000000e+06,6.029885688290485177e+02
8.286076000000000000e+06,6.019635771158790476e+02
8.287008000000000000e+06,6.011956723526589030e+02
8.287944000000000000e+06,6.007621221953427266e+02
8.288880000000000000e+06,6.007200117342363228e+02
8.289816000000000000e+06,6.011006689657107245e+02
8.290752000000000000e+06,6.019061341406664951e+02
8.291684000000000000e+06,6.031079266154446259e+02
8.292620000000000000e+06,6.046482082833701952e+02
8.293556000000000000e+06,6.064433197414437018e+02
8.294492000000000000e+06,6.083895367384209294e+02
8.295432000000000000e+06,6.103707296347654392e+02
8.296360000000000000e+06,6.122674076401283401e+02
8.297296000000000000e+06,6.139664269611010923e+02
8.298232000000000000e+06,6.153704876273116042e+02
8.299164000000000000e+06,6.164064786136063958e+02
8.300100000000000000e+06,6.170317767924655072e+02
8.301036000000000000e+06,6.172377690219091164e+02
8.301972000000000000e+06,6.170501421254806473e+02
8.302904000000000000e+06,6.165258465759745832e+02
8.303840000000000000e+06,6.157470345369437155e+02
8.304776000000000000e+06,6.148126306951685365e+02
8.305712000000000000e+06,6.138284456194506902e+02
8.306644000000000000e+06,6.128968452876808897e+02
8.307580000000000000e+06,6.121069537749715437e+02
8.308516000000000000e+06,6.115262385303012707e+02
8.309452000000000000e+06,6.111941707460898670e+02
8.310384000000000000e+06,6.111185041664721211e+02
8.311320000000000000e+06,6.112745696867633569e+02
8.312256000000000000e+06,6.116078035074790478e+02
8.313192000000000000e+06,6.120394724908561557e+02
8.314124000000000000e+06,6.124752191465287297e+02
8.315060000000000000e+06,6.128156575402367707e+02
8.315996000000000000e+06,6.129678939160091886e+02
8.316936000000000000e+06,6.128566216752891478e+02
8.317864000000000000e+06,6.124334238617535675e+02
8.318800000000000000e+06,6.116831263393160043e+02
8.319736000000000000e+06,6.106264404689692356e+02
8.320668000000000000e+06,6.093186322500429242e+02
8.321604000000000000e+06,6.078444577178694317e+02
8.322540000000000000e+06,6.063100265245043374e+02
8.323476000000000000e+06,6.048325461058780093e+02
8.324412000000000000e+06,6.035290489459622449e+02
8.325344000000000000e+06,6.025052368447633171e+02
8.326280000000000000e+06,6.018455177785866681e+02
8.327216000000000000e+06,6.016051811666964113e+02
8.328148000000000000e+06,6.018054587568416309e+02
8.329084000000000000e+06,6.024319457287950854e+02
8.330020000000000000e+06,6.034365128634387929e+02
8.330956000000000000e+06,6.047424512782405372e+02
8.331892000000000000e+06,6.062522085992720804e+02
8.332824000000000000e+06,6.078567695578298071e+02
8.333760000000000000e+06,6.094455722163511382e+02
8.334696000000000000e+06,6.109158712580673409e+02
8.335632000000000000e+06,6.121806501181144995e+02
8.336564000000000000e+06,6.131744833414884397e+02
8.337500000000000000e+06,6.138570741548045362e+02
8.338440000000000000e+06,6.142144657106782688e+02
8.339368000000000000e+06,6.142581130642421385e+02
8.340304000000000000e+06,6.140221162356225477e+02
8.341240000000000000e+06,6.135589850328489092e+02
8.342176000000000000e+06,6.129343584450630260e+02
8.343112000000000000e+06,6.122211382681185796e+02
8.344044000000000000e+06,6.114935070774841961e+02
8.344980000000000000e+06,6.108212742155745900e+02
8.345916000000000000e+06,6.102649272606589648e+02
8.346852000000000000e+06,6.098716663880298938e+02
8.347784000000000000e+06,6.096725813451979548e+02
8.348720000000000000e+06,6.096810216912209626e+02
8.349656000000000000e+06,6.098921388722041002e+02
8.350592000000000000e+06,6.102835598851902432e+02
8.351524000000000000e+06,6.108171780590274693e+02
8.352460000000000000e+06,6.114420799573722434e+02
8.353396000000000000e+06,6.120986145665324329e+02
8.354332000000000000e+06,6.127235065559443683e+02
8.355264000000000000e+06,6.132557149603122753e+02
8.356200000000000000e+06,6.136424955087205717e+02
8.357136000000000000e+06,6.138449346327960257e+02
8.358072000000000000e+06,6.138421795682004358e+02
8.359004000000000000e+06,6.136337366662097565e+02
8.359948000000000000e+06,6.132395213464435528e+02
8.360876000000000000e+06,6.126977285405454268e+02
8.361812000000000000e+06,6.120609388130704929e+02
8.362744000000000000e+06,6.113910911382934046e+02
8.363680000000000000e+06,6.107539993788114998e+02
8.364616000000000000e+06,6.102139846144780222e+02
8.365552000000000000e+06,6.098290012014360855e+02
8.366484000000000000e+06,6.096464299731567280e+02
8.367420000000000000e+06,6.096995698658674883e+02
8.368356000000000000e+06,6.100048271898084522e+02
8.369292000000000000e+06,6.105596867522461935e+02
8.370224000000000000e+06,6.113417045577810995e+02
8.371160000000000000e+06,6.123088941508776770e+02
8.372096000000000000e+06,6.134018846654566914e+02
8.373028000000000000e+06,6.145480505814662138e+02
8.373964000000000000e+06,6.156674754865505292e+02
8.374900000000000000e+06,6.166802135342604743e+02
8.375836000000000000e+06,6.175139786737605618e+02
8.376772000000000000e+06,6.181112219065927320e+02
8.377704000000000000e+06,6.184345930144610293e+02
8.378640000000000000e+06,6.184700135973558872e+02
8.379576000000000000e+06,6.182269651244623674e+02
8.380512000000000000e+06,6.177360498468322021e+02
8.381452000000000000e+06,6.170443301630430142e+02
8.382380000000000000e+06,6.162093030298208305e+02
8.383316000000000000e+06,6.152925403042895596e+02
8.384252000000000000e+06,6.143539797573096166e+02
8.385184000000000000e+06,6.134475997249448938e+02
8.386120000000000000e+06,6.126188272266376771e+02
8.387056000000000000e+06,6.119036231017423688e+02
8.387992000000000000e+06,6.113288632118527630e+02
8.388924000000000000e+06,6.109134617247108281e+02
8.389860000000000000e+06,6.106696775722340362e+02
8.390796000000000000e+06,6.106041737090586139e+02
8.391732000000000000e+06,6.107185966589808004e+02
8.392664000000000000e+06,6.110096464481499652e+02
8.393600000000000000e+06,6.114687686777095905e+02
8.394536000000000000e+06,6.120816985946478326e+02
8.395472000000000000e+06,6.128281170357902283e+02
8.396404000000000000e+06,6.136816466618765844e+02
8.397340000000000000e+06,6.146103378729048927e+02
8.398276000000000000e+06,6.155776874490237560e+02
8.399212000000000000e+06,6.165441237247721347e+02
8.400144000000000000e+06,6.174688039391767234e+02
8.401080000000000000e+06,6.183115215444918249e+02
8.402016000000000000e+06,6.190345250808609308e+02
8.402956000000000000e+06,6.196041051265174247e+02
8.403884000000000000e+06,6.199918945087717930e+02
8.404820000000000000e+06,6.201759154323024177e+02
8.405756000000000000e+06,6.201414563221870822e+02
8.406688000000000000e+06,6.198818480326394820e+02
8.407624000000000000e+06,6.193991425888606273e+02
8.408560000000000000e+06,6.187046139898973252e+02
8.409496000000000000e+06,6.178189412074950724e+02
8.410432000000000000e+06,6.167719226099076195e+02
8.411364000000000000e+06,6.156016076065885727e+02
8.412300000000000000e+06,6.143527978447248188e+02
8.413236000000000000e+06,6.130749480676659005e+02
8.414168000000000000e+06,6.118195738191635655e+02
8.415104000000000000e+06,6.106373415618445506e+02
8.416040000000000000e+06,6.095750670280993972e+02
8.416976000000000000e+06,6.086728693646155079e+02
8.417912000000000000e+06,6.079617171084685197e+02
8.418844000000000000e+06,6.074615632996066097e+02
8.419780000000000000e+06,6.071802152718043999e+02
8.420716000000000000e+06,6.071130326400343620e+02
8.421652000000000000e+06,6.072434974289233196e+02
8.422584000000000000e+06,6.075446456840312521e+02
8.423520000000000000e+06,6.079812812104788691e+02
8.424460000000000000e+06,6.085128079965245433e+02
8.425388000000000000e+06,6.090964280629427776e+02
8.426324000000000000e+06,6.096903752240693848e+02
8.427260000000000000e+06,6.102568188794389243e+02
8.428196000000000000e+06,6.107641011843097658e+02
8.429132000000000000e+06,6.111880755673341810e+02
8.430064000000000000e+06,6.115124761993050697e+02
8.431000000000000000e+06,6.117284248081733722e+02
8.431936000000000000e+06,6.118333264608954778e+02
8.432872000000000000e+06,6.118294848331470348e+02
8.433804000000000000e+06,6.117227647769709620e+02
8.434740000000000000e+06,6.115215521506476080e+02
8.435676000000000000e+06,6.112361358328646475e+02
8.436612000000000000e+06,6.108785073027308954e+02
8.437544000000000000e+06,6.104624803410222285e+02
8.438480000000000000e+06,6.100039963075014384e+02
8.439416000000000000e+06,6.095214848776959116e+02
8.440352000000000000e+06,6.090361611164813667e+02
8.441284000000000000e+06,6.085721327845843689e+02
8.442220000000000000e+06,6.081561752103000345e+02
8.443156000000000000e+06,6.078170373461753115e+02
8.444092000000000000e+06,6.075841977757680752e+02
8.445024000000000000e+06,6.074860905182633815e+02
8.445968000000000000e+06,6.075479371788796925e+02
8.446896000000000000e+06,6.077894154018176778e+02
8.447832000000000000e+06,6.082224367367881541e+02
8.448764000000000000e+06,6.088492952428698572e+02
8.449700000000000000e+06,6.096613953310190936e+02
8.450636000000000000e+06,6.106386937386855607e+02
8.451572000000000000e+06,6.117499121657914429e+02
8.452504000000000000e+06,6.129535028754488621e+02
8.453440000000000000e+06,6.141992846416186467e+02
8.454376000000000000e+06,6.154306174610181870e+02
8.455312000000000000e+06,6.165869612843314371e+02
8.456244000000000000e+06,6.176066747274358022e+02
8.457180000000000000e+06,6.184299521497704291e+02
8.458116000000000000e+06,6.190018536159697078e+02
8.459052000000000000e+06,6.192754198000519636e+02
8.459984000000000000e+06,6.192148492641604207e+02
8.460920000000000000e+06,6.187986358549520673e+02
8.461856000000000000e+06,6.180224412935817782e+02
8.462792000000000000e+06,6.169013600533958197e+02
8.463724000000000000e+06,6.154711670970389150e+02
8.464660000000000000e+06,6.137881494771083908e+02
8.465596000000000000e+06,6.119272148434895371e+02
8.466532000000000000e+06,6.099781403055122837e+02
8.467472000000000000e+06,6.080400660929807373e+02
8.468400000000000000e+06,6.062146232254906408e+02
8.469336000000000000e+06,6.045983544672958487e+02
8.470272000000000000e+06,6.032752665329518322e+02
8.471204000000000000e+06,6.023103796130019418e+02
8.472140000000000000e+06,6.017450056428358494e+02
8.473076000000000000e+06,6.015942264415278942e+02
8.474012000000000000e+06,6.018467227332744187e+02
8.474944000000000000e+06,6.024667948795532766e+02
8.475880000000000000e+06,6.033981726878957943e+02
8.476816000000000000e+06,6.045690704400971072e+02
8.477752000000000000e+06,6.058979143736344213e+02
8.478684000000000000e+06,6.072992355527031805e+02
8.479620000000000000e+06,6.086893392383407217e+02
8.480556000000000000e+06,6.099914811833095882e+02
8.481492000000000000e+06,6.111403640480707509e+02
8.482424000000000000e+06,6.120858029577071875e+02
8.483360000000000000e+06,6.127954106908806580e+02
8.484296000000000000e+06,6.132561438512074119e+02
8.485232000000000000e+06,6.134745586145104426e+02
8.486164000000000000e+06,6.134756724730423230e+02
8.487100000000000000e+06,6.133004289190162126e+02
8.488036000000000000e+06,6.130019069780701102e+02
8.488976000000000000e+06,6.126405787696578500e+02
8.489904000000000000e+06,6.122790565465051031e+02
8.490840000000000000e+06,6.119768468649684792e+02
8.491776000000000000e+06,6.117856180099436187e+02
8.492712000000000000e+06,6.117453894749047549e+02
8.493644000000000000e+06,6.118819018104085217e+02
8.494580000000000000e+06,6.122052670510872758e+02
8.495516000000000000e+06,6.127098665211892694e+02
8.496452000000000000e+06,6.133753627265340356e+02
8.497384000000000000e+06,6.141686214111783784e+02
8.498320000000000000e+06,6.150462974329036570e+02
8.499256000000000000e+06,6.159578273378377844e+02
8.500188000000000000e+06,6.168485924856545353e+02
8.501124000000000000e+06,6.176630608114385268e+02
8.502060000000000000e+06,6.183477691820953623e+02
8.502996000000000000e+06,6.188540609012758296e+02
8.503932000000000000e+06,6.191405396435261537e+02
8.504864000000000000e+06,6.191752377382326813e+02
8.505800000000000000e+06,6.189375112838785071e+02
8.506736000000000000e+06,6.184196515235680636e+02
8.507672000000000000e+06,6.176281393312361843e+02
8.508604000000000000e+06,6.165843910348147574e+02
8.509540000000000000e+06,6.153247896230562901e+02
8.510480000000000000e+06,6.138997997080485902e+02
8.511408000000000000e+06,6.123720355449254384e+02
8.512344000000000000e+06,6.108132704400975399e+02
8.513280000000000000e+06,6.093005130939537821e+02
8.514216000000000000e+06,6.079114039459323067e+02
8.515152000000000000e+06,6.067192787479633580e+02
8.516084000000000000e+06,6.057882881854534389e+02
8.517020000000000000e+06,6.051689444609097563e+02
8.517956000000000000e+06,6.048944023219103201e+02
8.518892000000000000e+06,6.049777061296094871e+02
8.519824000000000000e+06,6.054101832671204875e+02
8.520760000000000000e+06,6.061611536685458077e+02
8.521696000000000000e+06,6.071791307232416557e+02
8.522628000000000000e+06,6.083946531259673520e+02
8.523564000000000000e+06,6.097247625652912575e+02
8.524500000000000000e+06,6.110789310856356451e+02
8.525436000000000000e+06,6.123660004749478958e+02
8.526372000000000000e+06,6.135014987938942568e+02
8.527304000000000000e+06,6.144146003623108072e+02
8.528240000000000000e+06,6.150540116398905184e+02
8.529176000000000000e+06,6.153921809332517796e+02
8.530112000000000000e+06,6.154274127463633022e+02
8.531044000000000000e+06,6.151836849038096489e+02
8.531988000000000000e+06,6.147081944956784127e+02
8.532916000000000000e+06,6.140668827847058537e+02
8.533848000000000000e+06,6.133383949795299941e+02
8.534784000000000000e+06,6.126070939936860213e+02
8.535720000000000000e+06,6.119558361610435213e+02
8.536656000000000000e+06,6.114592084196124233e+02
8.537592000000000000e+06,6.111778249467204205e+02
8.538524000000000000e+06,6.111541187101763626e+02
8.539460000000000000e+06,6.114098783759820890e+02
8.540396000000000000e+06,6.119455960182668832e+02
8.541332000000000000e+06,6.127415126525478399e+02
8.542264000000000000e+06,6.137600857813902167e+02
8.543200000000000000e+06,6.149494803098363036e+02
8.544136000000000000e+06,6.162476332693704535e+02
8.545072000000000000e+06,6.175864806118725028e+02
8.546004000000000000e+06,6.188960436303730148e+02
8.546940000000000000e+06,6.201082036417750487e+02
8.547876000000000000e+06,6.211600903977023336e+02
8.548812000000000000e+06,6.219970434382034910e+02
8.549744000000000000e+06,6.225750887929117425e+02
8.550680000000000000e+06,6.228628443412519573e+02
8.551616000000000000e+06,6.228427614148056364e+02
8.552552000000000000e+06,6.225116428280011860e+02
8.553492000000000000e+06,6.218804407142433774e+02
8.554420000000000000e+06,6.209734078138534414e+02
8.555356000000000000e+06,6.198267253503661323e+02
8.556292000000000000e+06,6.184867404868456333e+02
8.557224000000000000e+06,6.170079155021677479e+02
8.558160000000000000e+06,6.154505354679250786e+02
8.559096000000000000e+06,6.138781679610648325e+02
8.560032000000000000e+06,6.123548455122240739e+02
8.560964000000000000e+06,6.109419692454974893e+02
8.561900000000000000e+06,6.096950137312521747e+02
8.562836000000000000e+06,6.086602306538080711e+02
8.563772000000000000e+06,6.078716657731569057e+02
8.564704000000000000e+06,6.073488736431571624e+02
8.565640000000000000e+06,6.070956994432020792e+02
8.566576000000000000e+06,6.071003848341274534e+02
8.567512000000000000e+06,6.073370656442469908e+02
8.568444000000000000e+06,6.077685101031045178e+02
8.569380000000000000e+06,6.083497533937455728e+02
8.570316000000000000e+06,6.090321630967937381e+02
8.571252000000000000e+06,6.097674416465061995e+02
8.572184000000000000e+06,6.105111310779334417e+02
8.573120000000000000e+06,6.112253074218933762e+02
8.574056000000000000e+06,6.118803003626479722e+02
8.574996000000000000e+06,6.124554104447336158e+02
8.575924000000000000e+06,6.129386990687879688e+02
8.576860000000000000e+06,6.133259988363947741e+02
8.577796000000000000e+06,6.136193506407124687e+02
8.578732000000000000e+06,6.138251275241807434e+02
8.579664000000000000e+06,6.139521419542115837e+02
8.580600000000000000e+06,6.140100309183535501e+02
8.581536000000000000e+06,6.140081582392818973e+02
8.582472000000000000e+06,6.139551692683090778e+02
8.583404000000000000e+06,6.138591977127026666e+02
8.584340000000000000e+06,6.137285833466131635e+02
8.585276000000000000e+06,6.135728405887193730e+02
8.586212000000000000e+06,6.134035477567107364e+02
8.587144000000000000e+06,6.132348250975315977e+02
8.588080000000000000e+06,6.130831418588090855e+02
8.589016000000000000e+06,6.129663225722131301e+02
8.589952000000000000e+06,6.129017775172194433e+02
8.590884000000000000e+06,6.129041315648335058e+02
8.591820000000000000e+06,6.129825557068226090e+02
8.592756000000000000e+06,6.131382124759792305e+02
8.593692000000000000e+06,6.133622970255452174e+02
8.594624000000000000e+06,6.136351623403253370e+02
8.595560000000000000e+06,6.139269311825523801e+02
8.596500000000000000e+06,6.141998057973984260e+02
8.597428000000000000e+06,6.144120012621107207e+02
8.598364000000000000e+06,6.145228929207430610e+02
8.599300000000000000e+06,6.144986586834912714e+02
8.600236000000000000e+06,6.143175060933239138e+02
8.601172000000000000e+06,6.139735741595808349e+02
8.602104000000000000e+06,6.134788060433141936e+02
8.603040000000000000e+06,6.128624504665303903e+02
8.603976000000000000e+06,6.121682717974887282e+02
8.604912000000000000e+06,6.114499228640677302e+02
8.605844000000000000e+06,6.107651744183420988e+02
8.606780000000000000e+06,6.101697662874146317e+02
8.607716000000000000e+06,6.097115736859295794e+02
8.608652000000000000e+06,6.094256342856014044e+02
8.609584000000000000e+06,6.093304269507581239e+02
8.610520000000000000e+06,6.094256726217671485e+02
8.611456000000000000e+06,6.096918431189899366e+02
8.612392000000000000e+06,6.100914879260099042e+02
8.613324000000000000e+06,6.105723899355942876e+02
8.614260000000000000e+06,6.110724172754083838e+02
8.615196000000000000e+06,6.115257457135003278e+02
8.616132000000000000e+06,6.118699045694010010e+02
8.617064000000000000e+06,6.120528975782430052e+02
8.618004000000000000e+06,6.120395360210906119e+02
8.618936000000000000e+06,6.118161487529528131e+02
8.619872000000000000e+06,6.113930134593639423e+02
8.620804000000000000e+06,6.108041483735318025e+02
8.621740000000000000e+06,6.101044500116091740e+02
8.622676000000000000e+06,6.093644981659066389e+02
8.623612000000000000e+06,6.086636284872530496e+02
8.624544000000000000e+06,6.080820638486900407e+02
8.625480000000000000e+06,6.076929783568928087e+02
8.626416000000000000e+06,6.075553393689451696e+02
8.627352000000000000e+06,6.077082492977414176e+02
8.628284000000000000e+06,6.081673163722116442e+02
8.629220000000000000e+06,6.089233483789171260e+02
8.630156000000000000e+06,6.099434119392956291e+02
8.631088000000000000e+06,6.111740572570435006e+02
8.632024000000000000e+06,6.125462938263983688e+02
8.632960000000000000e+06,6.139817302093281342e+02
8.633896000000000000e+06,6.153991769408847858e+02
8.634832000000000000e+06,6.167209782239666538e+02
8.635764000000000000e+06,6.178784059590203697e+02
8.636700000000000000e+06,6.188156232833631520e+02
8.637636000000000000e+06,6.194919805730811504e+02
8.638572000000000000e+06,6.198826927645252454e+02
8.639508000000000000e+06,6.199781971017803244e+02
8.640440000000000000e+06,6.197826481336028337e+02
8.641376000000000000e+06,6.193120420425316297e+02
8.642312000000000000e+06,6.185923791890118082e+02
8.643244000000000000e+06,6.176581074915483214e+02
8.644180000000000000e+06,6.165508953535146475e+02
8.645116000000000000e+06,6.153186156330099266e+02
8.646052000000000000e+06,6.140143137487566491e+02
8.646984000000000000e+06,6.126948892972167187e+02
8.647920000000000000e+06,6.114192357124413775e+02
8.648856000000000000e+06,6.102456537894003077e+02
8.649792000000000000e+06,6.092284843865269295e+02
8.650724000000000000e+06,6.084140913369089958e+02
8.651660000000000000e+06,6.078365482324468303e+02
8.652596000000000000e+06,6.075135964137454039e+02
8.654464000000000000e+06,6.074435805330938365e+02
8.655400000000000000e+06,6.076040712612776815e+02
8.656336000000000000e+06,6.079527214791761480e+02
8.657272000000000000e+06,6.084305864551071181e+02
8.658204000000000000e+06,6.089677287387905835e+02
8.659140000000000000e+06,6.094905164418755703e+02
8.660076000000000000e+06,6.099297070751849787e+02
8.661012000000000000e+06,6.102282577385390141e+02
8.661944000000000000e+06,6.103478365158613315e+02
8.662880000000000000e+06,6.102732067809263299e+02
8.663816000000000000e+06,6.100139710222410940e+02
8.664752000000000000e+06,6.096035384585794645e+02
8.665684000000000000e+06,6.090955547685778129e+02
8.666620000000000000e+06,6.085583331592710010e+02
8.667556000000000000e+06,6.080680065903529794e+02
8.668492000000000000e+06,6.077011759068474248e+02
8.669424000000000000e+06,6.075277824096491486e+02
8.670360000000000000e+06,6.076048116846583298e+02
8.671296000000000000e+06,6.079712568489936757e+02
8.672228000000000000e+06,6.086445623980739583e+02
8.673164000000000000e+06,6.096185839665045023e+02
8.674100000000000000e+06,6.108629875868157342e+02
8.675036000000000000e+06,6.123240007880481244e+02
8.675972000000000000e+06,6.139264994124283703e+02
8.676904000000000000e+06,6.155775128260461315e+02
8.677840000000000000e+06,6.171712856622407344e+02
8.678776000000000000e+06,6.185959857348912010e+02
8.679712000000000000e+06,6.197419632765784172e+02
8.680644000000000000e+06,6.205111557202849326e+02
8.681580000000000000e+06,6.208268530341056248e+02
8.682516000000000000e+06,6.206426913486088779e+02
8.683452000000000000e+06,6.199495444892515934e+02
8.684384000000000000e+06,6.187790337913353369e+02
8.685320000000000000e+06,6.172027269386900343e+02
8.686256000000000000e+06,6.153267226695087402e+02
8.687192000000000000e+06,6.132821063831797801e+02
8.688124000000000000e+06,6.112125212803659906e+02
8.689060000000000000e+06,6.092606188856501603e+02
8.689996000000000000e+06,6.075552819799361259e+02
8.690932000000000000e+06,6.062012291422730641e+02
8.691864000000000000e+06,6.052720235088208938e+02
8.692800000000000000e+06,6.048068110189063873e+02
8.693736000000000000e+06,6.048105024834914047e+02
8.694668000000000000e+06,6.052567240433808138e+02
8.695604000000000000e+06,6.060927272814144544e+02
8.696540000000000000e+06,6.072455143481203095e+02
8.697476000000000000e+06,6.086285859460074334e+02
8.698412000000000000e+06,6.101488607281821714e+02
8.699344000000000000e+06,6.117133926994496278e+02
8.700280000000000000e+06,6.132355327163643324e+02
8.701216000000000000e+06,6.146401786119947701e+02
8.702152000000000000e+06,6.158677773573426748e+02
8.703084000000000000e+06,6.168768091629924584e+02
8.704020000000000000e+06,6.176446063468303009e+02
8.704956000000000000e+06,6.181665305893365030e+02
8.705892000000000000e+06,6.184537238304068296e+02
8.706824000000000000e+06,6.185298181832446289e+02
8.707760000000000000e+06,6.184270958337635875e+02
8.708696000000000000e+06,6.181826059236834681e+02
8.709632000000000000e+06,6.178346733982491514e+02
8.710564000000000000e+06,6.174200986592614981e+02
8.711500000000000000e+06,6.169721838112845944e+02
8.712436000000000000e+06,6.165195719737629361e+02
8.713372000000000000e+06,6.160857835031131344e+02
8.714304000000000000e+06,6.156892924644146206e+02
8.715240000000000000e+06,6.153440015071287235e+02
8.716176000000000000e+06,6.150600142958747938e+02
8.717108000000000000e+06,6.148446275038354543e+02
8.718044000000000000e+06,6.147034316505065590e+02
8.719916000000000000e+06,6.146413223962327947e+02
8.720852000000000000e+06,6.146631334378241718e+02
8.721784000000000000e+06,6.147735871718095950e+02
8.722720000000000000e+06,6.149763729301877220e+02
8.723656000000000000e+06,6.152723931078799069e+02
8.724592000000000000e+06,6.156574888262164222e+02
8.725524000000000000e+06,6.161201673940724959e+02
8.726460000000000000e+06,6.166399275938665596e+02
8.727396000000000000e+06,6.171866984677876644e+02
8.728332000000000000e+06,6.177217140847294559e+02
8.729264000000000000e+06,6.181999077784049632e+02
8.730200000000000000e+06,6.185736751440185799e+02
8.731136000000000000e+06,6.187976425848112285e+02
8.732072000000000000e+06,6.188338905933348997e+02
8.733004000000000000e+06,6.186569375912278019e+02
8.733940000000000000e+06,6.182577327456715466e+02
8.734876000000000000e+06,6.176459773076433066e+02
8.735812000000000000e+06,6.168503078421205146e+02
8.736744000000000000e+06,6.159161994082986666e+02
8.737680000000000000e+06,6.149018089983297841e+02
8.738616000000000000e+06,6.138722921232874796e+02
8.739552000000000000e+06,6.128933239930586296e+02
8.740484000000000000e+06,6.120246213784295151e+02
8.741420000000000000e+06,6.113142098396464235e+02
8.742356000000000000e+06,6.107940476768485496e+02
8.743292000000000000e+06,6.104774382465484450e+02
8.744224000000000000e+06,6.103584671721293944e+02
8.745160000000000000e+06,6.104135083497367305e+02
8.746096000000000000e+06,6.106046494214151608e+02
8.747028000000000000e+06,6.108846799310693996e+02
8.747964000000000000e+06,6.112030681362012956e+02
8.748900000000000000e+06,6.115121663576393303e+02
8.749836000000000000e+06,6.117727937210123628e+02
8.750772000000000000e+06,6.119584017065299122e+02
8.751704000000000000e+06,6.120572443034345724e+02
8.752640000000000000e+06,6.120723141948345756e+02
8.753576000000000000e+06,6.120191960768421495e+02
8.754512000000000000e+06,6.119223417828168294e+02
8.755444000000000000e+06,6.118105128423882206e+02
8.756380000000000000e+06,6.117122136416243166e+02
8.757316000000000000e+06,6.116518396328488052e+02
8.758252000000000000e+06,6.116470227375186823e+02
8.759184000000000000e+06,6.117073424537059054e+02
8.760120000000000000e+06,6.118342754317391154e+02
8.761056000000000000e+06,6.120220553249426985e+02
8.761992000000000000e+06,6.122590516035324981e+02
8.762924000000000000e+06,6.125293510049153838e+02
8.763860000000000000e+06,6.128143954000208851e+02
8.764796000000000000e+06,6.130947157555168587e+02
8.765732000000000000e+06,6.133519091152040801e+02
8.766664000000000000e+06,6.135709640328747128e+02
8.767600000000000000e+06,6.137428474815250183e+02
8.768536000000000000e+06,6.138670033866440008e+02
8.769468000000000000e+06,6.139532052210867050e+02
8.770404000000000000e+06,6.140221547289613682e+02
8.771340000000000000e+06,6.141043581542855918e+02
8.772276000000000000e+06,6.142371060990956266e+02
8.773212000000000000e+06,6.144597612242921514e+02
8.774144000000000000e+06,6.148079313630026945e+02
8.775080000000000000e+06,6.153073847883224516e+02
8.776016000000000000e+06,6.159686792072874368e+02
8.776952000000000000e+06,6.167833985326622042e+02
8.777884000000000000e+06,6.177226446731344822e+02
8.778820000000000000e+06,6.187380785956179352e+02
8.779756000000000000e+06,6.197654262385848369e+02
8.780692000000000000e+06,6.207300343272281680e+02
8.781624000000000000e+06,6.215538263430918278e+02
8.782560000000000000e+06,6.221628818852650511e+02
8.783496000000000000e+06,6.224948276050753293e+02
8.785364000000000000e+06,6.225052626265113531e+02
8.786300000000000000e+06,6.221725368508131169e+02
8.787236000000000000e+06,6.215003631973011125e+02
8.788172000000000000e+06,6.205179793626666651e+02
8.789104000000000000e+06,6.192778603472828536e+02
8.790040000000000000e+06,6.178512661477102483e+02
8.790976000000000000e+06,6.163221254918180421e+02
8.791912000000000000e+06,6.147798687422975945e+02
8.792844000000000000e+06,6.133118411284499416e+02
8.793780000000000000e+06,6.119958989743929578e+02
8.794716000000000000e+06,6.108937704234247121e+02
8.795652000000000000e+06,6.100457726066745181e+02
8.796584000000000000e+06,6.094674904891685401e+02
8.797520000000000000e+06,6.091489623741417745e+02
8.798456000000000000e+06,6.090567030957421366e+02
8.799392000000000000e+06,6.091385081041975127e+02
8.800324000000000000e+06,6.093304964573403595e+02
8.801260000000000000e+06,6.095654151338522979e+02
8.802196000000000000e+06,6.097809851954398255e+02
8.803132000000000000e+06,6.099270965492554524e+02
8.804064000000000000e+06,6.099709345652088359e+02
8.805000000000000000e+06,6.098995574343938415e+02
8.805936000000000000e+06,6.097199117419988852e+02
8.806872000000000000e+06,6.094566564797723913e+02
8.807804000000000000e+06,6.091483883379803501e+02
8.808740000000000000e+06,6.088429128475580683e+02
8.809676000000000000e+06,6.085921309370583003e+02
8.810612000000000000e+06,6.084469774988493782e+02
8.811544000000000000e+06,6.084527185464716013e+02
8.812480000000000000e+06,6.086448211719389292e+02
8.813416000000000000e+06,6.090455629807363493e+02
8.814352000000000000e+06,6.096615340415845594e+02
8.815284000000000000e+06,6.104821866517837634e+02
8.816220000000000000e+06,6.114795881425933430e+02
8.817156000000000000e+06,6.126095120000022689e+02
8.818092000000000000e+06,6.138139450933953185e+02
8.819024000000000000e+06,6.150249810758635931e+02
8.819960000000000000e+06,6.161699164485892197e+02
8.820896000000000000e+06,6.171771939612563074e+02
8.821832000000000000e+06,6.179826867385322657e+02
8.822764000000000000e+06,6.185357152473147835e+02
8.823700000000000000e+06,6.188041500800175072e+02
8.824636000000000000e+06,6.187779814419320701e+02
8.825572000000000000e+06,6.184708413059900067e+02
8.826504000000000000e+06,6.179191580348558546e+02
8.827440000000000000e+06,6.171788999943497629e+02
8.828376000000000000e+06,6.163201873719128798e+02
8.829312000000000000e+06,6.154203593417570346e+02
8.830244000000000000e+06,6.145563125043712489e+02
8.831180000000000000e+06,6.137970260639345952e+02
8.832116000000000000e+06,6.131971377241951586e+02
8.833052000000000000e+06,6.127922493609924004e+02
8.833984000000000000e+06,6.125963759857996820e+02
8.834920000000000000e+06,6.126016673759381774e+02
8.835856000000000000e+06,6.127802716683719382e+02
8.836792000000000000e+06,6.130879926077443542e+02
8.837724000000000000e+06,6.134692290190124595e+02
8.838660000000000000e+06,6.138625955506664695e+02
8.839596000000000000e+06,6.142066247816568421e+02
8.840532000000000000e+06,6.144450377684579507e+02
8.841464000000000000e+06,6.145312116244093659e+02
8.842400000000000000e+06,6.144316248194048740e+02
8.843336000000000000e+06,6.141281856632020890e+02
8.844268000000000000e+06,6.136194258453964494e+02
8.845204000000000000e+06,6.129205674919336388e+02
8.846140000000000000e+06,6.120624650361505701e+02
8.847076000000000000e+06,6.110894108997988496e+02
8.848012000000000000e+06,6.100558113139773013e+02
8.848944000000000000e+06,6.090218173992000175e+02
8.849880000000000000e+06,6.080481489275310878e+02
8.850816000000000000e+06,6.071905462930012618e+02
8.851752000000000000e+06,6.064944604714453362e+02
8.852684000000000000e+06,6.059906605546185574e+02
8.853620000000000000e+06,6.056923593801344623e+02
8.854556000000000000e+06,6.055942476392310709e+02
8.855488000000000000e+06,6.056735511393140996e+02
8.856424000000000000e+06,6.058929583382611099e+02
8.857360000000000000e+06,6.062050542025052664e+02
8.858296000000000000e+06,6.065577559228016753e+02
8.859232000000000000e+06,6.069001690067348136e+02
8.860164000000000000e+06,6.071882605883905626e+02
8.861100000000000000e+06,6.073897813696947878e+02
8.862036000000000000e+06,6.074879620554088433e+02
8.862972000000000000e+06,6.074836554886634303e+02
8.863904000000000000e+06,6.073957620987814607e+02
8.864840000000000000e+06,6.072599243184182569e+02
8.865776000000000000e+06,6.071255831167134147e+02
8.866708000000000000e+06,6.070515694099939310e+02
8.867644000000000000e+06,6.071004884112949185e+02
8.868580000000000000e+06,6.073322655446919498e+02
8.869516000000000000e+06,6.077973445105794781e+02
8.870452000000000000e+06,6.085301286245486381e+02
8.871384000000000000e+06,6.095433125711007278e+02
8.872320000000000000e+06,6.108237608132737932e+02
8.873256000000000000e+06,6.123305536229620429e+02
8.874192000000000000e+06,6.139957260173259783e+02
8.875124000000000000e+06,6.157280295435948574e+02
8.876060000000000000e+06,6.174197150299096393e+02
8.876996000000000000e+06,6.189558738787055745e+02
8.877932000000000000e+06,6.202253666656469022e+02
8.878864000000000000e+06,6.211319524075527170e+02
8.879800000000000000e+06,6.216040592411123953e+02
8.880736000000000000e+06,6.216017938121838142e+02
8.881672000000000000e+06,6.211202500290046373e+02
8.882604000000000000e+06,6.201888258333877957e+02
8.883540000000000000e+06,6.188669219809886499e+02
8.884476000000000000e+06,6.172369278900987410e+02
8.885412000000000000e+06,6.153956982486564584e+02
8.886344000000000000e+06,6.134457597091226262e+02
8.887280000000000000e+06,6.114872958930776576e+02
8.888216000000000000e+06,6.096116277356468345e+02
8.889152000000000000e+06,6.078965400148836125e+02
8.890084000000000000e+06,6.064034911373340719e+02
8.891020000000000000e+06,6.051765274629690339e+02
8.891956000000000000e+06,6.042426068106951789e+02
8.892892000000000000e+06,6.036129920941332330e+02
8.893824000000000000e+06,6.032853751673934539e+02
8.894760000000000000e+06,6.032464130769909616e+02
8.895696000000000000e+06,6.034743947775701827e+02
8.896632000000000000e+06,6.039418009936878207e+02
8.897564000000000000e+06,6.046175684076206380e+02
8.898500000000000000e+06,6.054689184471033059e+02
8.899436000000000000e+06,6.064626636298094127e+02
8.900372000000000000e+06,6.075659693778101200e+02
8.901304000000000000e+06,6.087466294641678815e+02
8.902240000000000000e+06,6.099729938854023885e+02
8.903176000000000000e+06,6.112137398687086716e+02
8.904112000000000000e+06,6.124376765074619016e+02
8.905044000000000000e+06,6.136137214054751894e+02
8.905980000000000000e+06,6.147111091805123806e+02
8.906916000000000000e+06,6.156998227173044143e+02
8.907852000000000000e+06,6.165512041899537508e+02
8.908784000000000000e+06,6.172387067264885445e+02
8.909720000000000000e+06,6.177387733858766978e+02
8.910656000000000000e+06,6.180318567468485753e+02
8.911592000000000000e+06,6.181036015516541511e+02
8.912524000000000000e+06,6.179461908968700072e+02
8.913460000000000000e+06,6.175597967760788833e+02
8.914396000000000000e+06,6.169539836655367253e+02
8.915332000000000000e+06,6.161488123637961962e+02
8.916264000000000000e+06,6.151753222515899324e+02
8.917200000000000000e+06,6.140750811008592791e+02
8.918136000000000000e+06,6.128986085798849217e+02
8.919072000000000000e+06,6.117026837367751568e+02
8.920004000000000000e+06,6.105467767176963889e+02
8.920940000000000000e+06,6.094890274912398809e+02
8.921876000000000000e+06,6.085822787864435668e+02
8.922812000000000000e+06,6.078706432785695597e+02
8.923744000000000000e+06,6.073869621266754848e+02
8.924680000000000000e+06,6.071513257102841408e+02
8.925616000000000000e+06,6.071706208518661469e+02
8.926552000000000000e+06,6.074388927479539007e+02
8.927484000000000000e+06,6.079382146285227009e+02
8.928420000000000000e+06,6.086397769596784428e+02
8.929356000000000000e+06,6.095050363880591249e+02
8.930292000000000000e+06,6.104869513050043679e+02
8.931224000000000000e+06,6.115314942214159828e+02
8.932160000000000000e+06,6.125796977718692915e+02
8.933096000000000000e+06,6.135704321804930714e+02
8.934032000000000000e+06,6.144439516000500134e+02
8.934964000000000000e+06,6.151460413648574104e+02
8.935900000000000000e+06,6.156324070020820045e+02
8.936836000000000000e+06,6.158728131324331798e+02
8.937772000000000000e+06,6.158544320545660185e+02
8.938704000000000000e+06,6.155839051817395102e+02
8.939640000000000000e+06,6.150877444509710585e+02
8.940576000000000000e+06,6.144108811487576531e+02
8.941508000000000000e+06,6.136133800910125728e+02
8.942444000000000000e+06,6.127655571141351629e+02
8.943380000000000000e+06,6.119419476150187620e+02
8.944316000000000000e+06,6.112147436215514062e+02
8.945252000000000000e+06,6.106474077642384373e+02
8.946184000000000000e+06,6.102891566930114777e+02
8.947120000000000000e+06,6.101708883711006592e+02
8.948056000000000000e+06,6.103029432009528819e+02
8.948992000000000000e+06,6.106748815288877950e+02
8.949924000000000000e+06,6.112572569614548001e+02
8.950860000000000000e+06,6.120051743020392223e+02
8.951796000000000000e+06,6.128632453192412868e+02
8.952732000000000000e+06,6.137714025930765729e+02
8.953664000000000000e+06,6.146709152905677911e+02
8.954600000000000000e+06,6.155098905733960919e+02
8.955536000000000000e+06,6.162475665321800307e+02
8.956472000000000000e+06,6.168568338456666424e+02
8.957404000000000000e+06,6.173246737216584279e+02
8.958340000000000000e+06,6.176505417206794846e+02
8.959276000000000000e+06,6.178430909483316782e+02
8.960212000000000000e+06,6.179159223460729891e+02
8.961144000000000000e+06,6.178831986342787559e+02
8.962080000000000000e+06,6.177559324358117010e+02
8.963016000000000000e+06,6.175395809748519014e+02
8.963952000000000000e+06,6.172333054109193426e+02
8.964884000000000000e+06,6.168309441915509979e+02
8.965820000000000000e+06,6.163234580803118661e+02
8.966756000000000000e+06,6.157023696469810830e+02
8.967692000000000000e+06,6.149635744509649840e+02
8.968624000000000000e+06,6.141108656430226347e+02
8.969560000000000000e+06,6.131585854019070894e+02
8.970496000000000000e+06,6.121329650710700889e+02
8.971432000000000000e+06,6.110718987296090745e+02
8.972364000000000000e+06,6.100230823806289209e+02
8.973300000000000000e+06,6.090406349746582464e+02
8.974236000000000000e+06,6.081804993177230472e+02
8.975172000000000000e+06,6.074950927429896410e+02
8.976104000000000000e+06,6.070278157897920437e+02
8.977040000000000000e+06,6.068080994056518875e+02
8.977976000000000000e+06,6.068476480679016731e+02
8.978912000000000000e+06,6.071384053623472710e+02
8.979844000000000000e+06,6.076525453725062107e+02
8.980780000000000000e+06,6.083445216369823356e+02
8.981716000000000000e+06,6.091549436599593719e+02
8.982652000000000000e+06,6.100158487738881377e+02
8.983584000000000000e+06,6.108568182631059926e+02
8.984520000000000000e+06,6.116113455936656464e+02
8.985456000000000000e+06,6.122228777721220467e+02
8.986392000000000000e+06,6.126499950358671640e+02
8.987324000000000000e+06,6.128702606480503619e+02
8.988260000000000000e+06,6.128823667540573297e+02
8.989196000000000000e+06,6.127063300260342658e+02
8.990132000000000000e+06,6.123816495086916802e+02
8.991064000000000000e+06,6.119635195021587606e+02
8.992000000000000000e+06,6.115173811010282634e+02
8.992936000000000000e+06,6.111122822714345375e+02
8.993872000000000000e+06,6.108136777435103113e+02
8.994804000000000000e+06,6.106764130972944713e+02
8.995740000000000000e+06,6.107386792816147363e+02
8.996676000000000000e+06,6.110176741167264254e+02
8.997612000000000000e+06,6.115075525860382868e+02
8.998544000000000000e+06,6.121799901803162811e+02
8.999480000000000000e+06,6.129873504686585193e+02
9.000416000000000000e+06,6.138680927360811665e+02
9.001352000000000000e+06,6.147537458202062908e+02
9.002284000000000000e+06,6.155765715272124226e+02
9.003220000000000000e+06,6.162769791699727193e+02
9.004156000000000000e+06,6.168098303180497624e+02
9.005092000000000000e+06,6.171489608947705392e+02
9.006024000000000000e+06,6.172895046899386671e+02
9.006960000000000000e+06,6.172478840383517991e+02
9.007896000000000000e+06,6.170595985201554186e+02
9.008832000000000000e+06,6.167751582388565339e+02
9.009764000000000000e+06,6.164546559324331838e+02
9.010700000000000000e+06,6.161615480998759722e+02
9.011636000000000000e+06,6.159562258942540893e+02
9.012572000000000000e+06,6.158899148931170657e+02
9.013504000000000000e+06,6.159993684825025184e+02
9.014440000000000000e+06,6.163027345490538664e+02
9.015376000000000000e+06,6.167968942208179897e+02
9.016308000000000000e+06,6.174564943789115432e+02
9.017244000000000000e+06,6.182348113508161305e+02
9.018180000000000000e+06,6.190664805493898939e+02
9.019116000000000000e+06,6.198720016428044346e+02
9.020052000000000000e+06,6.205637827664885435e+02
9.020984000000000000e+06,6.210533276400775549e+02
9.021920000000000000e+06,6.212590142305150493e+02
9.022856000000000000e+06,6.211137931314530078e+02
9.023792000000000000e+06,6.205720809838978766e+02
9.024724000000000000e+06,6.196151595719441048e+02
9.025660000000000000e+06,6.182545156205301282e+02
9.026596000000000000e+06,6.165327534368749411e+02
9.027528000000000000e+06,6.145219527212865387e+02
9.028464000000000000e+06,6.123195886283004938e+02
9.029400000000000000e+06,6.100423440982923466e+02
9.030336000000000000e+06,6.078183048652250591e+02
9.031272000000000000e+06,6.057781324141855066e+02
9.032204000000000000e+06,6.040458635061255563e+02
9.033140000000000000e+06,6.027299894934491249e+02
9.034076000000000000e+06,6.019154299982004659e+02
9.035012000000000000e+06,6.016569490112068479e+02
9.035944000000000000e+06,6.019744900043220923e+02
9.036880000000000000e+06,6.028508450078708165e+02
9.037816000000000000e+06,6.042320071788435598e+02
9.038752000000000000e+06,6.060304395619235720e+02
9.039684000000000000e+06,6.081312681589023441e+02
9.040620000000000000e+06,6.104010574981745094e+02
9.041556000000000000e+06,6.126984082950428956e+02
9.042492000000000000e+06,6.148852512345118839e+02
9.043424000000000000e+06,6.168375307654636117e+02
9.044360000000000000e+06,6.184540553104574201e+02
9.045296000000000000e+06,6.196626212626980532e+02
9.046232000000000000e+06,6.204230028061828079e+02
9.047164000000000000e+06,6.207269075326576058e+02
9.048100000000000000e+06,6.205954118472916434e+02
9.049036000000000000e+06,6.200746358522945911e+02
9.049968000000000000e+06,6.192304707127539132e+02
9.050904000000000000e+06,6.181430543709743688e+02
9.051840000000000000e+06,6.169014619345300616e+02
9.052776000000000000e+06,6.155988131852682272e+02
9.053712000000000000e+06,6.143277776022466696e+02
9.054644000000000000e+06,6.131763303555500215e+02
9.055580000000000000e+06,6.122236004042723607e+02
9.056516000000000000e+06,6.115357417009735173e+02
9.057452000000000000e+06,6.111619155181966789e+02
9.058384000000000000e+06,6.111306487558073286e+02
9.059320000000000000e+06,6.114469794038127475e+02
9.060256000000000000e+06,6.120908709326165535e+02
9.061188000000000000e+06,6.130173410480048233e+02
9.062124000000000000e+06,6.141586005487557713e+02
9.063060000000000000e+06,6.154282607400247116e+02
9.063996000000000000e+06,6.167273944194741944e+02
9.064932000000000000e+06,6.179519815998348804e+02
9.065864000000000000e+06,6.190010767333518515e+02
9.066800000000000000e+06,6.197849200618038594e+02
9.067736000000000000e+06,6.202321927742577827e+02
9.068672000000000000e+06,6.202956894737742459e+02
9.069604000000000000e+06,6.199558476408321894e+02
9.070540000000000000e+06,6.192218154183093475e+02
9.071476000000000000e+06,6.181300296769131819e+02
9.072412000000000000e+06,6.167405796575551449e+02
9.073344000000000000e+06,6.151318975806486833e+02
9.074280000000000000e+06,6.133944887180382466e+02
9.075216000000000000e+06,6.116244450348272039e+02
9.076152000000000000e+06,6.099173716860772174e+02
9.077084000000000000e+06,6.083631358046594642e+02
9.078020000000000000e+06,6.070415990855086648e+02
9.078956000000000000e+06,6.060192984883243525e+02
9.079892000000000000e+06,6.053469385783660073e+02
9.080824000000000000e+06,6.050575548883583679e+02
9.081760000000000000e+06,6.051652701763332516e+02
9.082696000000000000e+06,6.056646558603385984e+02
9.083632000000000000e+06,6.065307920351701796e+02
9.084564000000000000e+06,6.077201591211578489e+02
9.085500000000000000e+06,6.091724739089708009e+02
9.086436000000000000e+06,6.108135084689191672e+02
9.087372000000000000e+06,6.125588309855005491e+02
9.088304000000000000e+06,6.143183168997435359e+02
9.089240000000000000e+06,6.160012135467198959e+02
9.090176000000000000e+06,6.175214948248961946e+02
9.091112000000000000e+06,6.188031980785927999e+02
9.092044000000000000e+06,6.197853865267811670e+02
9.092980000000000000e+06,6.204263349862563928e+02
9.093916000000000000e+06,6.207065109767976310e+02
9.094852000000000000e+06,6.206299399702350001e+02
9.095784000000000000e+06,6.202236293971440091e+02
9.096720000000000000e+06,6.195349020743602750e+02
9.097656000000000000e+06,6.186267529694241603e+02
9.098592000000000000e+06,6.175716554879255682e+02
9.099524000000000000e+06,6.164445372914666450e+02
9.100460000000000000e+06,6.153158430647204113e+02
9.101396000000000000e+06,6.142456367501442855e+02
9.102328000000000000e+06,6.132795363439720404e+02
9.103264000000000000e+06,6.124469389325186057e+02
9.104200000000000000e+06,6.117615550519469707e+02
9.105136000000000000e+06,6.112238376884888567e+02
9.106072000000000000e+06,6.108245695969164899e+02
9.107004000000000000e+06,6.105487378816278579e+02
9.107940000000000000e+06,6.103789047803476251e+02
9.108876000000000000e+06,6.102975544834279162e+02
9.109812000000000000e+06,6.102882791758739813e+02
9.110744000000000000e+06,6.103360413622333454e+02
9.111680000000000000e+06,6.104269888208767725e+02
9.112616000000000000e+06,6.105483311723979796e+02
9.113548000000000000e+06,6.106886279012229579e+02
9.114484000000000000e+06,6.108385748738988923e+02
9.115420000000000000e+06,6.109921222505876131e+02
9.116356000000000000e+06,6.111475975946752897e+02
9.117292000000000000e+06,6.113084792261944358e+02
9.118224000000000000e+06,6.114835521398836136e+02
9.119160000000000000e+06,6.116863334352382253e+02
9.120096000000000000e+06,6.119338122471559700e+02
9.121032000000000000e+06,6.122446541874496688e+02
9.121964000000000000e+06,6.126370464233295934e+02
9.122900000000000000e+06,6.131263226024196911e+02
9.123836000000000000e+06,6.137224557001019321e+02
9.124768000000000000e+06,6.144274984020793227e+02
9.125704000000000000e+06,6.152331199601223943e+02
9.126640000000000000e+06,6.161185271118423543e+02
9.127576000000000000e+06,6.170492091696338548e+02
9.128512000000000000e+06,6.179770296641811456e+02
9.129444000000000000e+06,6.188421227597534653e+02
9.130380000000000000e+06,6.195768139999164532e+02
9.131316000000000000e+06,6.201114114870032381e+02
9.132252000000000000e+06,6.203812974495003800e+02
9.133184000000000000e+06,6.203343993966396965e+02
9.134120000000000000e+06,6.199379276290895859e+02
9.135056000000000000e+06,6.191832938911835527e+02
9.135988000000000000e+06,6.180883947797292421e+02
9.136924000000000000e+06,6.166969147463563559e+02
9.137860000000000000e+06,6.150748663239807001e+02
9.139732000000000000e+06,6.133050725726644714e+02
9.140664000000000000e+06,6.114805471409739539e+02
9.141600000000000000e+06,6.096976688576260131e+02
9.142536000000000000e+06,6.080497483990407090e+02
9.143472000000000000e+06,6.066212228335577947e+02
9.144404000000000000e+06,6.054824796071275159e+02
9.145340000000000000e+06,6.046853016027846479e+02
9.146276000000000000e+06,6.042591013981331116e+02
9.147208000000000000e+06,6.042083437233645782e+02
9.148144000000000000e+06,6.045116970671267609e+02
9.149080000000000000e+06,6.051234179989481845e+02
9.150016000000000000e+06,6.059772343440233726e+02
9.150952000000000000e+06,6.069925943890702911e+02
9.151884000000000000e+06,6.080826780980146395e+02
9.152820000000000000e+06,6.091631520628643557e+02
9.153756000000000000e+06,6.101604276713712807e+02
9.154692000000000000e+06,6.110182394379811512e+02
9.155624000000000000e+06,6.117016951814706545e+02
9.156560000000000000e+06,6.121984622749592972e+02
9.157496000000000000e+06,6.125172830748017532e+02
9.158432000000000000e+06,6.126843992631465881e+02
9.159364000000000000e+06,6.127386202260335040e+02
9.160300000000000000e+06,6.127257102052756181e+02
9.161236000000000000e+06,6.126925958774519358e+02
9.162172000000000000e+06,6.126817398270300146e+02
9.163104000000000000e+06,6.127259711605095163e+02
9.164040000000000000e+06,6.128441152130144474e+02
9.164976000000000000e+06,6.130378568242333586e+02
9.165912000000000000e+06,6.132903239891209068e+02
9.166844000000000000e+06,6.135668275295762442e+02
9.167780000000000000e+06,6.138180063084226958e+02
9.168716000000000000e+06,6.139853114612781155e+02
9.169652000000000000e+06,6.140083666690397877e+02
9.170584000000000000e+06,6.138333560774257194e+02
9.171520000000000000e+06,6.134213218967468038e+02
9.172456000000000000e+06,6.127551751951360757e+02
9.173392000000000000e+06,6.118443542892080131e+02
9.174324000000000000e+06,6.107263714698161721e+02
9.175260000000000000e+06,6.094649091067487916e+02
9.176196000000000000e+06,6.081445935844507176e+02
9.177132000000000000e+06,6.068630248358590507e+02
9.178064000000000000e+06,6.057210056271403573e+02
9.179000000000000000e+06,6.048121398653657934e+02
9.179936000000000000e+06,6.042130198514571475e+02
9.180872000000000000e+06,6.039751065855452907e+02
9.181804000000000000e+06,6.041191694306802447e+02
9.182740000000000000e+06,6.046328487067227115e+02
9.183676000000000000e+06,6.054715824133048727e+02
9.184612000000000000e+06,6.065628195317078735e+02
9.185544000000000000e+06,6.078131332256460837e+02
9.186480000000000000e+06,6.091175509010954556e+02
9.187416000000000000e+06,6.103701520932896756e+02
9.188352000000000000e+06,6.114747906620963249e+02
9.189284000000000000e+06,6.123547292527514401e+02
9.190220000000000000e+06,6.129600729639536212e+02
9.191156000000000000e+06,6.132721603850285419e+02
9.192092000000000000e+06,6.133044744190646043e+02
9.193024000000000000e+06,6.131001002791838346e+02
9.193960000000000000e+06,6.127262005652909238e+02
9.194896000000000000e+06,6.122663257734980107e+02
9.195832000000000000e+06,6.118115845248777305e+02
9.196764000000000000e+06,6.114517386970338748e+02
9.197700000000000000e+06,6.112671708949562799e+02
9.198636000000000000e+06,6.113224325034491358e+02
9.199572000000000000e+06,6.116617793578184319e+02
9.200504000000000000e+06,6.123068017661694284e+02
9.201440000000000000e+06,6.132560046639191569e+02
9.202376000000000000e+06,6.144860184683099078e+02
9.203312000000000000e+06,6.159540294765076851e+02
9.204244000000000000e+06,6.176010065120713080e+02
9.205180000000000000e+06,6.193553550045299971e+02
9.206116000000000000e+06,6.211367276013824039e+02
9.207052000000000000e+06,6.228598315046561993e+02
9.207984000000000000e+06,6.244381701113635472e+02
9.208920000000000000e+06,6.257877259974495701e+02
9.209860000000000000e+06,6.268306310833946782e+02
9.210792000000000000e+06,6.274988774053782663e+02
9.211724000000000000e+06,6.277380928783123863e+02
9.212660000000000000e+06,6.275113322821695192e+02
9.213596000000000000e+06,6.268027120175748905e+02
9.214532000000000000e+06,6.256205621317055829e+02
9.215464000000000000e+06,6.239996167700925298e+02
9.216400000000000000e+06,6.220016683205116124e+02
9.217336000000000000e+06,6.197141283835391050e+02
9.218272000000000000e+06,6.172461111053033846e+02
9.219204000000000000e+06,6.147219860150820523e+02
9.220140000000000000e+06,6.122727925797953503e+02
9.221076000000000000e+06,6.100263673905125188e+02
9.222008000000000000e+06,6.080973715020306827e+02
9.222944000000000000e+06,6.065784952867170432e+02
9.223880000000000000e+06,6.055339077423423078e+02
9.224816000000000000e+06,6.049955630314282189e+02
9.225752000000000000e+06,6.049624345694867316e+02
9.226684000000000000e+06,6.054023057677566158e+02
9.227620000000000000e+06,6.062555393003033259e+02
9.228556000000000000e+06,6.074402829511278696e+02
9.229492000000000000e+06,6.088587377183911258e+02
9.230424000000000000e+06,6.104042523882778823e+02
9.231368000000000000e+06,6.119690059453918138e+02
9.232296000000000000e+06,6.134518868737965249e+02
9.233228000000000000e+06,6.147659592834885416e+02
9.234164000000000000e+06,6.158447371873693328e+02
9.235100000000000000e+06,6.166464683685247792e+02
9.236036000000000000e+06,6.171558061172623866e+02
9.236972000000000000e+06,6.173826058681272571e+02
9.237904000000000000e+06,6.173580488515539173e+02
9.238840000000000000e+06,6.171287510224585731e+02
9.239776000000000000e+06,6.167498456500424027e+02
9.240712000000000000e+06,6.162781504494519140e+02
9.241644000000000000e+06,6.157664187482911302e+02
9.242580000000000000e+06,6.152593599358654046e+02
9.243516000000000000e+06,6.147916772748791345e+02
9.244448000000000000e+06,6.143879223795667031e+02
9.245384000000000000e+06,6.140636195673155271e+02
9.246320000000000000e+06,6.138269535010553000e+02
9.247256000000000000e+06,6.136803667680720764e+02
9.248192000000000000e+06,6.136216430857888326e+02
9.249124000000000000e+06,6.136443716174301244e+02
9.250060000000000000e+06,6.137379957079158430e+02
9.250996000000000000e+06,6.138878530492556820e+02
9.251932000000000000e+06,6.140756503109402047e+02
9.252872000000000000e+06,6.142806638971206894e+02
9.253800000000000000e+06,6.144816620225851693e+02
9.254736000000000000e+06,6.146592108483476977e+02
9.255672000000000000e+06,6.147978002806627273e+02
9.256604000000000000e+06,6.148872072843677188e+02
9.257540000000000000e+06,6.149227147857354794e+02
9.258476000000000000e+06,6.149041333017372608e+02
9.259408000000000000e+06,6.148338963377688060e+02
9.260344000000000000e+06,6.147147082689351691e+02
9.261280000000000000e+06,6.145472707079729844e+02
9.262216000000000000e+06,6.143285291313811740e+02
9.263152000000000000e+06,6.140507393338939437e+02
9.264084000000000000e+06,6.137015232152177759e+02
9.265020000000000000e+06,6.132649918688431399e+02
9.265956000000000000e+06,6.127239380872885022e+02
9.266892000000000000e+06,6.120629973641123343e+02
9.267824000000000000e+06,6.112725203413144754e+02
9.268760000000000000e+06,6.103527017474289096e+02
9.269696000000000000e+06,6.093173196110760728e+02
9.270632000000000000e+06,6.081963239717424585e+02
9.271564000000000000e+06,6.070365422641737041e+02
9.272500000000000000e+06,6.058999737525110731e+02
9.273436000000000000e+06,6.048595144742931780e+02
9.274376000000000000e+06,6.039924222061498540e+02
9.275304000000000000e+06,6.033722924524643076e+02
9.276240000000000000e+06,6.030606528924677150e+02
9.277176000000000000e+06,6.030994032075099085e+02
9.278112000000000000e+06,6.035052002064350063e+02
9.279044000000000000e+06,6.042665609644142251e+02
9.279980000000000000e+06,6.053440311388208102e+02
9.280916000000000000e+06,6.066733507386309157e+02
9.281852000000000000e+06,6.081712127229702674e+02
9.282784000000000000e+06,6.097429604626377113e+02
9.283720000000000000e+06,6.112913865837582534e+02
9.284656000000000000e+06,6.127256688795313266e+02
9.285592000000000000e+06,6.139694342668318541e+02
9.286524000000000000e+06,6.149670211511116804e+02
9.287460000000000000e+06,6.156872342795767281e+02
9.288396000000000000e+06,6.161242301885631605e+02
9.289332000000000000e+06,6.162955752284183291e+02
9.290264000000000000e+06,6.162379076006062633e+02
9.291200000000000000e+06,6.160009399344531857e+02
9.292136000000000000e+06,6.156407067062831402e+02
9.293072000000000000e+06,6.152129688820555202e+02
9.294004000000000000e+06,6.147675535378966742e+02
9.294940000000000000e+06,6.143441775261736666e+02
9.295880000000000000e+06,6.139700403741051105e+02
9.296808000000000000e+06,6.136592211455821371e+02
9.297744000000000000e+06,6.134137045574191234e+02
9.298680000000000000e+06,6.132257005317351286e+02
9.299616000000000000e+06,6.130808080917938696e+02
9.300552000000000000e+06,6.129615152727449185e+02
9.301484000000000000e+06,6.128505341767689742e+02
9.302420000000000000e+06,6.127335482404810136e+02
9.303356000000000000e+06,6.126010810273658080e+02
9.304292000000000000e+06,6.124493516751491597e+02
9.305224000000000000e+06,6.122801307637677155e+02
9.306160000000000000e+06,6.120997324204957977e+02
9.307096000000000000e+06,6.119173686747493548e+02
9.308032000000000000e+06,6.117431532685346838e+02
9.308964000000000000e+06,6.115860745590216538e+02
9.309900000000000000e+06,6.114522528601156637e+02
9.310836000000000000e+06,6.113437477276048639e+02
9.311772000000000000e+06,6.112580897287097059e+02
9.312704000000000000e+06,6.111886023454836732e+02
9.313640000000000000e+06,6.111254836887385409e+02
9.314576000000000000e+06,6.110575524479055503e+02
9.315512000000000000e+06,6.109745185960854315e+02
9.316444000000000000e+06,6.108695865017175493e+02
9.317388000000000000e+06,6.107421111988696794e+02
9.318316000000000000e+06,6.105999157689334425e+02
9.319252000000000000e+06,6.104607865772112518e+02
9.320184000000000000e+06,6.103526563646124714e+02
9.321120000000000000e+06,6.103121044072581753e+02
9.322056000000000000e+06,6.103810458618567054e+02
9.322992000000000000e+06,6.106018049427461847e+02
9.323924000000000000e+06,6.110110984558667724e+02
9.324860000000000000e+06,6.116337201895171347e+02
9.325796000000000000e+06,6.124768502335662106e+02
9.326732000000000000e+06,6.135258879506523044e+02
9.327664000000000000e+06,6.147425339065016487e+02
9.328600000000000000e+06,6.160655640525312720e+02
9.329536000000000000e+06,6.174144004068205049e+02
9.330472000000000000e+06,6.186952366119357976e+02
9.331404000000000000e+06,6.198091636353860849e+02
9.332340000000000000e+06,6.206614859381381848e+02
9.333276000000000000e+06,6.211712391904333117e+02
9.334212000000000000e+06,6.212798384684984967e+02
9.335144000000000000e+06,6.209578281126117645e+02
9.336080000000000000e+06,6.202088876227487617e+02
9.337016000000000000e+06,6.190705573056937965e+02
9.337952000000000000e+06,6.176115364934221361e+02
9.338892000000000000e+06,6.159258192095153390e+02
9.339820000000000000e+06,6.141243166543991947e+02
9.340756000000000000e+06,6.123249258387904774e+02
9.341692000000000000e+06,6.106421894940451693e+02
9.342624000000000000e+06,6.091777121419653440e+02
9.343560000000000000e+06,6.080123386843496291e+02
9.344496000000000000e+06,6.072007960982971326e+02
9.345432000000000000e+06,6.067691146011852652e+02
9.346364000000000000e+06,6.067147670350991575e+02
9.347300000000000000e+06,6.070091683272753471e+02
9.348236000000000000e+06,6.076020030957924973e+02
9.349172000000000000e+06,6.084268015019476934e+02
9.350104000000000000e+06,6.094072282114721020e+02
9.351040000000000000e+06,6.104636320118073627e+02
9.351976000000000000e+06,6.115194702898078276e+02
9.352912000000000000e+06,6.125072426934143550e+02
9.353844000000000000e+06,6.133735461108501568e+02
9.354780000000000000e+06,6.140828331103750770e+02
9.355716000000000000e+06,6.146194658124317129e+02
9.356652000000000000e+06,6.149877456628041728e+02
9.357584000000000000e+06,6.152097811766568611e+02
9.358520000000000000e+06,6.153213163597629318e+02
9.359456000000000000e+06,6.153659429269133625e+02
9.360396000000000000e+06,6.153884021191480542e+02
9.361324000000000000e+06,6.154278822723790654e+02
9.362260000000000000e+06,6.155122791804176359e+02
9.363196000000000000e+06,6.156542747947432872e+02
9.364132000000000000e+06,6.158498147740436934e+02
9.365064000000000000e+06,6.160791852473028030e+02
9.366000000000000000e+06,6.163104930330310935e+02
9.366936000000000000e+06,6.165050183327687137e+02
9.367872000000000000e+06,6.166236660125882736e+02
9.368804000000000000e+06,6.166335876149541946e+02
9.369740000000000000e+06,6.165139846609754386e+02
9.370676000000000000e+06,6.162601667007324977e+02
9.371612000000000000e+06,6.158851615035850955e+02
9.372544000000000000e+06,6.154185577422783808e+02
9.373480000000000000e+06,6.149027411661693350e+02
9.375352000000000000e+06,6.143871587306161928e+02
9.376284000000000000e+06,6.139216015238354203e+02
9.377220000000000000e+06,6.135496569557320754e+02
9.378156000000000000e+06,6.133034093342556616e+02
9.379092000000000000e+06,6.132001769284624970e+02
9.380024000000000000e+06,6.132416200917330116e+02
9.380960000000000000e+06,6.134150436247241487e+02
9.381900000000000000e+06,6.136962844872191454e+02
9.382828000000000000e+06,6.140533492103170374e+02
9.383764000000000000e+06,6.144500006097773621e+02
9.384700000000000000e+06,6.148487439596117383e+02
9.385636000000000000e+06,6.152130004351782873e+02
9.386572000000000000e+06,6.155085407578114882e+02
9.387504000000000000e+06,6.157044042967338555e+02
9.388440000000000000e+06,6.157735515682541063e+02
9.389376000000000000e+06,6.156934481503925554e+02
9.390312000000000000e+06,6.154467155200504749e+02
9.391244000000000000e+06,6.150219370317551011e+02
9.392180000000000000e+06,6.144146656982139802e+02
9.393116000000000000e+06,6.136286162844327237e+02
9.394048000000000000e+06,6.126769189462121403e+02
9.394984000000000000e+06,6.115831798563873463e+02
9.395920000000000000e+06,6.103819866844296484e+02
9.396856000000000000e+06,6.091184768273670898e+02
9.397792000000000000e+06,6.078466918634389913e+02
9.398724000000000000e+06,6.066266570005243466e+02
9.399660000000000000e+06,6.055203830718028257e+02
9.400596000000000000e+06,6.045872091454396013e+02
9.401532000000000000e+06,6.038790298403372390e+02
9.402464000000000000e+06,6.034359699344292949e+02
9.403408000000000000e+06,6.032829983158138702e+02
9.404336000000000000e+06,6.034278425760838900e+02
9.405272000000000000e+06,6.038604026117326384e+02
9.406204000000000000e+06,6.045536916235463423e+02
9.407140000000000000e+06,6.054661745216602640e+02
9.408076000000000000e+06,6.065452361228584550e+02
9.409012000000000000e+06,6.077314001506339309e+02
9.409944000000000000e+06,6.089628453242072510e+02
9.410880000000000000e+06,6.101797414842263834e+02
9.411816000000000000e+06,6.113279681279954048e+02
9.412752000000000000e+06,6.123618824824211515e+02
9.413684000000000000e+06,6.132459645665079506e+02
9.414620000000000000e+06,6.139553561428297144e+02
9.415556000000000000e+06,6.144754872555782867e+02
9.416492000000000000e+06,6.148011037991250305e+02
9.417424000000000000e+06,6.149350425594575427e+02
9.418360000000000000e+06,6.148870427855392791e+02
9.419296000000000000e+06,6.146727592720868643e+02
9.420232000000000000e+06,6.143129939557795751e+02
9.421164000000000000e+06,6.138330381619911122e+02
9.422100000000000000e+06,6.132619521166774348e+02
9.423036000000000000e+06,6.126316184105742195e+02
9.423972000000000000e+06,6.119754844845243724e+02
9.424912000000000000e+06,6.113270251825880450e+02
9.425840000000000000e+06,6.107180637506443190e+02
9.426776000000000000e+06,6.101771458345488099e+02
9.427712000000000000e+06,6.097281487137968270e+02
9.428644000000000000e+06,6.093892426058247338e+02
9.429580000000000000e+06,6.091722388577717311e+02
9.430516000000000000e+06,6.090822971396877392e+02
9.431452000000000000e+06,6.091179385438026657e+02
9.432384000000000000e+06,6.092713199302380644e+02
9.433320000000000000e+06,6.095287483589817157e+02
9.434256000000000000e+06,6.098714313770458375e+02
9.435192000000000000e+06,6.102764553994586549e+02
9.436124000000000000e+06,6.107179614273729840e+02
9.437060000000000000e+06,6.111684599904407378e+02
9.437996000000000000e+06,6.116002139509179187e+02
9.438932000000000000e+06,6.119866269077795096e+02
9.440800000000000000e+06,6.123035990741244632e+02
9.441736000000000000e+06,6.125308344785960344e+02
9.442672000000000000e+06,6.126530866504223241e+02
9.443604000000000000e+06,6.126613072386591057e+02
9.444540000000000000e+06,6.125536179059379265e+02
9.445476000000000000e+06,6.123359752676816470e+02
9.446416000000000000e+06,6.120223641607263971e+02
9.447344000000000000e+06,6.116343604824112390e+02
9.448280000000000000e+06,6.111999652186916592e+02
9.449216000000000000e+06,6.107517183215059049e+02
9.450152000000000000e+06,6.103242265369634652e+02
9.451084000000000000e+06,6.099513472274071546e+02
9.452020000000000000e+06,6.096633309691889053e+02
9.452956000000000000e+06,6.094842251795771517e+02
9.453892000000000000e+06,6.094297859458823723e+02
9.454824000000000000e+06,6.095060610613716108e+02
9.455760000000000000e+06,6.097087263324938249e+02
9.456696000000000000e+06,6.100232020877238028e+02
9.457632000000000000e+06,6.104255491506645512e+02
9.458564000000000000e+06,6.108841250828904776e+02
9.459500000000000000e+06,6.113619470012777128e+02
9.460436000000000000e+06,6.118196419859523303e+02
9.461372000000000000e+06,6.122187766769066002e+02
9.462304000000000000e+06,6.125252695034880617e+02
9.463240000000000000e+06,6.127125332483857392e+02
9.464176000000000000e+06,6.127639953362662482e+02
9.465112000000000000e+06,6.126747050295869030e+02
9.466044000000000000e+06,6.124518492139567343e+02
9.466980000000000000e+06,6.121141364935963338e+02
9.467920000000000000e+06,6.116901435575593950e+02
9.468848000000000000e+06,6.112158249979960374e+02
9.469784000000000000e+06,6.107314562253790200e+02
9.470720000000000000e+06,6.102783088583754534e+02
9.471656000000000000e+06,6.098953577304559985e+02
9.472588000000000000e+06,6.096162987062836009e+02
9.473524000000000000e+06,6.094671198590835957e+02
9.474460000000000000e+06,6.094644098272690371e+02
9.475396000000000000e+06,6.096145019065833139e+02
9.476332000000000000e+06,6.099134472822021280e+02
9.477264000000000000e+06,6.103477048310090822e+02
9.478200000000000000e+06,6.108953542385449964e+02
9.479136000000000000e+06,6.115276091843435324e+02
9.480072000000000000e+06,6.122104407621545761e+02
9.481004000000000000e+06,6.129062049005518702e+02
9.481940000000000000e+06,6.135752626141394330e+02
9.482876000000000000e+06,6.141776457452833711e+02
9.483812000000000000e+06,6.146748325305541130e+02
9.484744000000000000e+06,6.150316641605807035e+02
9.485680000000000000e+06,6.152183765896505747e+02
9.486616000000000000e+06,6.152126598750909352e+02
9.487552000000000000e+06,6.150016024254024387e+02
9.488484000000000000e+06,6.145833382477961777e+02
9.489428000000000000e+06,6.139681974901005788e+02
9.490356000000000000e+06,6.131791678635161134e+02
9.491292000000000000e+06,6.122515104720879435e+02
9.492224000000000000e+06,6.112314395867458643e+02
9.493160000000000000e+06,6.101738637955708100e+02
9.494096000000000000e+06,6.091392776977883159e+02
9.495032000000000000e+06,6.081899736103683836e+02
9.495964000000000000e+06,6.073858095786788454e+02
9.496900000000000000e+06,6.067798289434679191e+02
9.497836000000000000e+06,6.064140774258858073e+02
9.498772000000000000e+06,6.063159942687804005e+02
9.499704000000000000e+06,6.064957472988560312e+02
9.500640000000000000e+06,6.069448261833556444e+02
9.501576000000000000e+06,6.076361049224530007e+02
9.502512000000000000e+06,6.085254473962899056e+02
9.503444000000000000e+06,6.095547770542583521e+02
9.504380000000000000e+06,6.106563806238156076e+02
9.506252000000000000e+06,6.117580821556941828e+02
9.507184000000000000e+06,6.127888256075273148e+02
9.508120000000000000e+06,6.136841582864556131e+02
9.509056000000000000e+06,6.143911224408038834e+02
9.509992000000000000e+06,6.148721339287504861e+02
9.510932000000000000e+06,6.151075401751709251e+02
9.511860000000000000e+06,6.150966841653918209e+02
9.512796000000000000e+06,6.148574365249892253e+02
9.513732000000000000e+06,6.144242796121360470e+02
9.514664000000000000e+06,6.138451337817682543e+02
9.515600000000000000e+06,6.131772114083628367e+02
9.516536000000000000e+06,6.124822650185601560e+02
9.517472000000000000e+06,6.118216420922142333e+02
9.518404000000000000e+06,6.112515500911667914e+02
9.519340000000000000e+06,6.108188731853123272e+02
9.520276000000000000e+06,6.105577969331498025e+02
9.521212000000000000e+06,6.104874257198463283e+02
9.522144000000000000e+06,6.106105351330708118e+02
9.523080000000000000e+06,6.109135699746888122e+02
9.524016000000000000e+06,6.113679437549160411e+02
9.524952000000000000e+06,6.119325942359990904e+02
9.525884000000000000e+06,6.125576097169119976e+02
9.526820000000000000e+06,6.131886011575514885e+02
9.527756000000000000e+06,6.137714060008586330e+02
9.528692000000000000e+06,6.142567001847406800e+02
9.529624000000000000e+06,6.146041523286902475e+02
9.530560000000000000e+06,6.147858323070579445e+02
9.531496000000000000e+06,6.147886425771702079e+02
9.532436000000000000e+06,6.146155677128879233e+02
9.533364000000000000e+06,6.142855661652766912e+02
9.534300000000000000e+06,6.138319996696213821e+02
9.535236000000000000e+06,6.132996308255575286e+02
9.536172000000000000e+06,6.127404041127340406e+02
9.537104000000000000e+06,6.122084171170802165e+02
9.538040000000000000e+06,6.117546343731344223e+02
9.538976000000000000e+06,6.114219548573780685e+02
9.539912000000000000e+06,6.112412004363221740e+02
9.540844000000000000e+06,6.112284585159133030e+02
9.541780000000000000e+06,6.113840187522986298e+02
9.542716000000000000e+06,6.116929296968226026e+02
9.543648000000000000e+06,6.121270040339768457e+02
9.544584000000000000e+06,6.126479503443467820e+02
9.545520000000000000e+06,6.132112225016500133e+02
9.546456000000000000e+06,6.137701572371313432e+02
9.547392000000000000e+06,6.142800046513898451e+02
9.548324000000000000e+06,6.147015262777359794e+02
9.549260000000000000e+06,6.150039209873194750e+02
9.550196000000000000e+06,6.151669256375085979e+02
9.551132000000000000e+06,6.151820164799694339e+02
9.552064000000000000e+06,6.150527053306440166e+02
9.553000000000000000e+06,6.147939795690286928e+02
9.553940000000000000e+06,6.144309764628674202e+02
9.554872000000000000e+06,6.139970118815846263e+02
9.555804000000000000e+06,6.135311054076302071e+02
9.556740000000000000e+06,6.130751618359485065e+02
9.557676000000000000e+06,6.126709826569202733e+02
9.558612000000000000e+06,6.123572854595850004e+02
9.559544000000000000e+06,6.121668997650240271e+02
9.560480000000000000e+06,6.121242884847645200e+02
9.561416000000000000e+06,6.122435293529204046e+02
9.562352000000000000e+06,6.125268942175721349e+02
9.563284000000000000e+06,6.129641830151165323e+02
9.564220000000000000e+06,6.135329783082398762e+02
9.565156000000000000e+06,6.141999509254912937e+02
9.566092000000000000e+06,6.149232466884332098e+02
9.567024000000000000e+06,6.156558283736102339e+02
9.567960000000000000e+06,6.163494764099378926e+02
9.568896000000000000e+06,6.169590197515727823e+02
9.569832000000000000e+06,6.174463163357179383e+02
9.570764000000000000e+06,6.177835422470704998e+02
9.571700000000000000e+06,6.179554608007742900e+02
9.572636000000000000e+06,6.179604897216664767e+02
9.573572000000000000e+06,6.178105278048210494e+02
9.574504000000000000e+06,6.175296160218661043e+02
9.575444000000000000e+06,6.171515874290861348e+02
9.576376000000000000e+06,6.167169200967737197e+02
9.577308000000000000e+06,6.162690650607879661e+02
9.578244000000000000e+06,6.158505782136094240e+02
9.579180000000000000e+06,6.154994237955062317e+02
9.580116000000000000e+06,6.152458176210150214e+02
9.581052000000000000e+06,6.151099320858612600e+02
9.581984000000000000e+06,6.151006954813925631e+02
9.582920000000000000e+06,6.152157915258954972e+02
9.583856000000000000e+06,6.154428095378677881e+02
9.584792000000000000e+06,6.157613297011060922e+02
9.585724000000000000e+06,6.161455852775784479e+02
9.586660000000000000e+06,6.165672649363358460e+02
9.587596000000000000e+06,6.169980320115225823e+02
9.588528000000000000e+06,6.174114450847300759e+02
9.589464000000000000e+06,6.177841375916688094e+02
9.590400000000000000e+06,6.180963024482038009e+02
9.591336000000000000e+06,6.183316733360024955e+02
9.592272000000000000e+06,6.184772555302890851e+02
9.593204000000000000e+06,6.185230312847900223e+02
9.594140000000000000e+06,6.184617827262270566e+02
9.595076000000000000e+06,6.182890898515377103e+02
9.596012000000000000e+06,6.180035057082043295e+02
9.596948000000000000e+06,6.176068843179183432e+02
9.597880000000000000e+06,6.171048175990948721e+02
9.598816000000000000e+06,6.165071098258596294e+02
9.599752000000000000e+06,6.158281873612907020e+02
9.600684000000000000e+06,6.150873255539543152e+02
9.601620000000000000e+06,6.143085858397535048e+02
9.602556000000000000e+06,6.135203900386965188e+02
9.603492000000000000e+06,6.127547004074244796e+02
9.604424000000000000e+06,6.120458112646755353e+02
9.605360000000000000e+06,6.114287912807852763e+02
9.606296000000000000e+06,6.109376520909569308e+02
9.607232000000000000e+06,6.106033599444816673e+02
9.608164000000000000e+06,6.104518418433443685e+02
9.609100000000000000e+06,6.105021506061588070e+02
9.610036000000000000e+06,6.107649384484531083e+02
9.610972000000000000e+06,6.112413562135127449e+02
9.611904000000000000e+06,6.119224614848852752e+02
9.612840000000000000e+06,6.127891879190116242e+02
9.613776000000000000e+06,6.138128908261544439e+02
9.614712000000000000e+06,6.149564332426430155e+02
9.615644000000000000e+06,6.161757210161425746e+02
9.616580000000000000e+06,6.174215554194505557e+02
9.617516000000000000e+06,6.186416669323422184e+02
9.618452000000000000e+06,6.197828297941568962e+02
9.619384000000000000e+06,6.207930205266253552e+02
9.620320000000000000e+06,6.216236477076823803e+02
9.621256000000000000e+06,6.222319143183638062e+02
9.622192000000000000e+06,6.225833529842865346e+02
9.623124000000000000e+06,6.226544872756494442e+02
9.624060000000000000e+06,6.224354320897155048e+02
9.624996000000000000e+06,6.219320944186099496e+02
9.625932000000000000e+06,6.211675301746724926e+02
9.626864000000000000e+06,6.201820043518569037e+02
9.627800000000000000e+06,6.190314151850836879e+02
9.628736000000000000e+06,6.177839668584812216e+02
9.629668000000000000e+06,6.165152643334013192e+02
9.630604000000000000e+06,6.153022892018324228e+02
9.631540000000000000e+06,6.142169251330249153e+02
9.632476000000000000e+06,6.133197870413961255e+02
9.633412000000000000e+06,6.126550628447845384e+02
9.634344000000000000e+06,6.122469306299815344e+02
9.635280000000000000e+06,6.120979121289107070e+02
9.636216000000000000e+06,6.121893063369496986e+02
9.637152000000000000e+06,6.124836422610425188e+02
9.638084000000000000e+06,6.129289072925421351e+02
9.639020000000000000e+06,6.134641441298135760e+02
9.639956000000000000e+06,6.140258636135311008e+02
9.640892000000000000e+06,6.145546099517949870e+02
9.641824000000000000e+06,6.150009680292571375e+02
9.642760000000000000e+06,6.153303425463715257e+02
9.643696000000000000e+06,6.155259692006975456e+02
9.644632000000000000e+06,6.155898240104357910e+02
9.645564000000000000e+06,6.155413491297789506e+02
9.646500000000000000e+06,6.154141758436835516e+02
9.647436000000000000e+06,6.152512655546208862e+02
9.648372000000000000e+06,6.150990847456175743e+02
9.649304000000000000e+06,6.150015594811062556e+02
9.650240000000000000e+06,6.149945931337615548e+02
9.651176000000000000e+06,6.151018558099883649e+02
9.652112000000000000e+06,6.153323671464445397e+02
9.653044000000000000e+06,6.156801298572549968e+02
9.653980000000000000e+06,6.161257824942815660e+02
9.654916000000000000e+06,6.166399734757956139e+02
9.655852000000000000e+06,6.171879423043267252e+02
9.656784000000000000e+06,6.177346421132526757e+02
9.657720000000000000e+06,6.182496631097016007e+02
9.658656000000000000e+06,6.187112346646003971e+02
9.659592000000000000e+06,6.191087063859671389e+02
9.660524000000000000e+06,6.194431328869889057e+02
9.661460000000000000e+06,6.197258888448923244e+02
9.662396000000000000e+06,6.199755738093147102e+02
9.663332000000000000e+06,6.202137671440577833e+02
9.664264000000000000e+06,6.204603945594833476e+02
9.665200000000000000e+06,6.207295149320668770e+02
9.666136000000000000e+06,6.210262128908258319e+02
9.667072000000000000e+06,6.213450238423923793e+02
9.668004000000000000e+06,6.216700011448052692e+02
9.668940000000000000e+06,6.219762484787102039e+02
9.669876000000000000e+06,6.222325464408176003e+02
9.670812000000000000e+06,6.224046172012864417e+02
9.671744000000000000e+06,6.224585722946964097e+02
9.672680000000000000e+06,6.223641409652551602e+02
9.673616000000000000e+06,6.220973570617780979e+02
9.674552000000000000e+06,6.216424893578158617e+02
9.675484000000000000e+06,6.209931383590628684e+02
9.676420000000000000e+06,6.201525787029851244e+02
9.677356000000000000e+06,6.191335563844435228e+02
9.678292000000000000e+06,6.179577984150533894e+02
9.679224000000000000e+06,6.166554298864779184e+02
9.680160000000000000e+06,6.152643454900525057e+02
9.681096000000000000e+06,6.138294212268177716e+02
9.682032000000000000e+06,6.124013528281095660e+02
9.682964000000000000e+06,6.110349084745912478e+02
9.683900000000000000e+06,6.097864763771771095e+02
9.684836000000000000e+06,6.087109352197284124e+02
9.685772000000000000e+06,6.078580327853712788e+02
9.686704000000000000e+06,6.072685887718582762e+02
9.687640000000000000e+06,6.069709196003698253e+02
9.688576000000000000e+06,6.069779061013491628e+02
9.689512000000000000e+06,6.072850889630216216e+02
9.690444000000000000e+06,6.078700908803645007e+02
9.691380000000000000e+06,6.086935440687886967e+02
9.692316000000000000e+06,6.097015611244225965e+02
9.693252000000000000e+06,6.108296332960330801e+02
9.694184000000000000e+06,6.120076775864332603e+02
9.695120000000000000e+06,6.131657934469715201e+02
9.696056000000000000e+06,6.142401540628515022e+02
9.696992000000000000e+06,6.151783798521099698e+02
9.697924000000000000e+06,6.159437568602385227e+02
9.698860000000000000e+06,6.165177886356549379e+02
9.699796000000000000e+06,6.169007949691859949e+02
9.700732000000000000e+06,6.171105500146854865e+02
9.701664000000000000e+06,6.171792239013767585e+02
9.702600000000000000e+06,6.171491006913136061e+02
9.703536000000000000e+06,6.170676591443839243e+02
9.704472000000000000e+06,6.169826146552175032e+02
9.705404000000000000e+06,6.169374455288593708e+02
9.706340000000000000e+06,6.169677932827694349e+02
9.707276000000000000e+06,6.170989665064836345e+02
9.708212000000000000e+06,6.173446143892589362e+02
9.709144000000000000e+06,6.177064858760309107e+02
9.710080000000000000e+06,6.181750741471149695e+02
9.711016000000000000e+06,6.187308897039391695e+02
9.711952000000000000e+06,6.193461240619659520e+02
9.712884000000000000e+06,6.199865476398844066e+02
9.713820000000000000e+06,6.206135902085483167e+02
9.714756000000000000e+06,6.211866306582468269e+02
9.715692000000000000e+06,6.216655390782281074e+02
9.716624000000000000e+06,6.220134621594760347e+02
9.717560000000000000e+06,6.221997451837190738e+02
9.718496000000000000e+06,6.222027763344478899e+02
9.719432000000000000e+06,6.220124550595154460e+02
9.720364000000000000e+06,6.216319480674329725e+02
9.721300000000000000e+06,6.210784164668543781e+02
9.722236000000000000e+06,6.203824810436818780e+02
9.723172000000000000e+06,6.195863355030554658e+02
9.724104000000000000e+06,6.187405990326101346e+02
9.725040000000000000e+06,6.179001846069962767e+02
9.725976000000000000e+06,6.171196104943186356e+02
9.726908000000000000e+06,6.164482703951809981e+02
9.727844000000000000e+06,6.159261870306927449e+02
9.728780000000000000e+06,6.155807056213175201e+02
9.729716000000000000e+06,6.154244538831181899e+02
9.730652000000000000e+06,6.154547287299844811e+02
9.731584000000000000e+06,6.156542928204921736e+02
9.732520000000000000e+06,6.159934012400680103e+02
9.733456000000000000e+06,6.164327528037254069e+02
9.734392000000000000e+06,6.169269900113815766e+02
9.735324000000000000e+06,6.174283671706224368e+02
9.736260000000000000e+06,6.178902666034837239e+02
9.737196000000000000e+06,6.182703504212290682e+02
9.738128000000000000e+06,6.185332547050517178e+02
9.739064000000000000e+06,6.186528220294068205e+02
9.740000000000000000e+06,6.186138976433736616e+02
9.740936000000000000e+06,6.184136796504930089e+02
9.741872000000000000e+06,6.180625316898356232e+02
9.742804000000000000e+06,6.175840698000007478e+02
9.743740000000000000e+06,6.170142667055300763e+02
9.744676000000000000e+06,6.163993256165853154e+02
9.745612000000000000e+06,6.157921969623733958e+02
9.746544000000000000e+06,6.152478430755015779e+02
9.747480000000000000e+06,6.148176486584619624e+02
9.748416000000000000e+06,6.145436451121048549e+02
9.749352000000000000e+06,6.144533750144471469e+02
9.750284000000000000e+06,6.145562098680774170e+02
9.751220000000000000e+06,6.148417466850256687e+02
9.752156000000000000e+06,6.152806002928999760e+02
9.753092000000000000e+06,6.158275592569343644e+02
9.754024000000000000e+06,6.164267528632834683e+02
9.754960000000000000e+06,6.170182182415938996e+02
9.755896000000000000e+06,6.175450675599618080e+02
9.756832000000000000e+06,6.179603444902597857e+02
9.757764000000000000e+06,6.182326542861604821e+02
9.758700000000000000e+06,6.183497849715008670e+02
9.759636000000000000e+06,6.183198141845747386e+02
9.760572000000000000e+06,6.181695755260520855e+02
9.761504000000000000e+06,6.179407585327282959e+02
9.762440000000000000e+06,6.176842509875275482e+02
9.763376000000000000e+06,6.174535432847188758e+02
9.764312000000000000e+06,6.172980826737605184e+02
9.765244000000000000e+06,6.172573995655560566e+02
9.766180000000000000e+06,6.173566550981864793e+02
9.767116000000000000e+06,6.176040162051449443e+02
9.768052000000000000e+06,6.179899955521201491e+02
9.768984000000000000e+06,6.184886448644031134e+02
9.769920000000000000e+06,6.190602997051292959e+02
9.770856000000000000e+06,6.196554601952727808e+02
9.771792000000000000e+06,6.202193524994647760e+02
9.772724000000000000e+06,6.206967362444888749e+02
9.773660000000000000e+06,6.210365852383145011e+02
9.774596000000000000e+06,6.211963488981382397e+02
9.775532000000000000e+06,6.211455735711289208e+02
9.776464000000000000e+06,6.208687106180972251e+02
9.777400000000000000e+06,6.203669644873222069e+02
9.778336000000000000e+06,6.196590565964459074e+02
9.779272000000000000e+06,6.187808191611227357e+02
9.780204000000000000e+06,6.177835944517466942e+02
9.781140000000000000e+06,6.167314893823240709e+02
9.782076000000000000e+06,6.156976053384347551e+02
9.783012000000000000e+06,6.147594187764449316e+02
9.783944000000000000e+06,6.139935324785786861e+02
9.784880000000000000e+06,6.134700611266750911e+02
9.785816000000000000e+06,6.132469688578936484e+02
9.786752000000000000e+06,6.133647448130194562e+02
9.787684000000000000e+06,6.138418756864969055e+02
9.788620000000000000e+06,6.146716255274453715e+02
9.789556000000000000e+06,6.158206256939656669e+02
9.790492000000000000e+06,6.172296791905406508e+02
9.791424000000000000e+06,6.188169825411399643e+02
9.792360000000000000e+06,6.204836867747270617e+02
9.793296000000000000e+06,6.221214077117597299e+02
9.794232000000000000e+06,6.236210156189081317e+02
9.795164000000000000e+06,6.248818366670709565e+02
9.796100000000000000e+06,6.258203134184968803e+02
9.797036000000000000e+06,6.263772062987343361e+02
9.797972000000000000e+06,6.265225638268681223e+02
9.798904000000000000e+06,6.262579293548153601e+02
9.799840000000000000e+06,6.256155630121365903e+02
9.800776000000000000e+06,6.246548026518208871e+02
9.801712000000000000e+06,6.234560137603393741e+02
9.802644000000000000e+06,6.221128313009253361e+02
9.803580000000000000e+06,6.207235437176200321e+02
9.804516000000000000e+06,6.193825092157904919e+02
9.805452000000000000e+06,6.181724451534678337e+02
9.806384000000000000e+06,6.171583102062928674e+02
9.807320000000000000e+06,6.163833099925601573e+02
9.808256000000000000e+06,6.158672997746393776e+02
9.809192000000000000e+06,6.156075517525854366e+02
9.810124000000000000e+06,6.155815515513613718e+02
9.811060000000000000e+06,6.157512580882091697e+02
9.811996000000000000e+06,6.160681535259727752e+02
9.812928000000000000e+06,6.164784329470193143e+02
9.813864000000000000e+06,6.169278063293129435e+02
9.814800000000000000e+06,6.173655612085775601e+02
9.815736000000000000e+06,6.177477168831053405e+02
9.816672000000000000e+06,6.180392550987764935e+02
9.817604000000000000e+06,6.182155184562649310e+02
9.818540000000000000e+06,6.182629201836510902e+02
9.819476000000000000e+06,6.181791080487614636e+02
9.820412000000000000e+06,6.179726770631676800e+02
9.821344000000000000e+06,6.176624471901154720e+02
9.822280000000000000e+06,6.172762437316301884e+02
9.823216000000000000e+06,6.168490753923854300e+02
9.824152000000000000e+06,6.164206268071659451e+02
9.825084000000000000e+06,6.160320771847331116e+02
9.826020000000000000e+06,6.157224055896971322e+02
9.826956000000000000e+06,6.155245030135690740e+02
9.827892000000000000e+06,6.154615299271396225e+02
9.828824000000000000e+06,6.155439949742869885e+02
9.829760000000000000e+06,6.157679728536361381e+02
9.830696000000000000e+06,6.161147454213289620e+02
9.831632000000000000e+06,6.165519747268665469e+02
9.832564000000000000e+06,6.170363317260803342e+02
9.833500000000000000e+06,6.175173313853895252e+02
9.834436000000000000e+06,6.179419810690300210e+02
9.835372000000000000e+06,6.182597503834166446e+02
9.836304000000000000e+06,6.184273297979854078e+02
9.837240000000000000e+06,6.184126709803952053e+02
9.838176000000000000e+06,6.181978956131332552e+02
9.839112000000000000e+06,6.177808108051589215e+02
9.840044000000000000e+06,6.171749526818125560e+02
9.840980000000000000e+06,6.164082603156148252e+02
9.841916000000000000e+06,6.155206266831187349e+02
9.842852000000000000e+06,6.145606624858971827e+02
9.843784000000000000e+06,6.135820395343448581e+02
9.844720000000000000e+06,6.126397580433765597e+02
9.845656000000000000e+06,6.117866142502743969e+02
9.846592000000000000e+06,6.110700482035844061e+02
9.847524000000000000e+06,6.105294584874492330e+02
9.848460000000000000e+06,6.101940150344194080e+02
9.849396000000000000e+06,6.100809946975521143e+02
9.850332000000000000e+06,6.101946888405428808e+02
9.851264000000000000e+06,6.105259594225425417e+02
9.852200000000000000e+06,6.110525342845248815e+02
9.853136000000000000e+06,6.117401317963684733e+02
9.854072000000000000e+06,6.125444844996792426e+02
9.855004000000000000e+06,6.134142738198059988e+02
9.855940000000000000e+06,6.142948783209774319e+02
9.856876000000000000e+06,6.151326848182217191e+02
9.857812000000000000e+06,6.158795542940636096e+02
9.858744000000000000e+06,6.164969295929890905e+02
9.859680000000000000e+06,6.169590657179181790e+02
9.860616000000000000e+06,6.172549671617670128e+02
9.861552000000000000e+06,6.173887991299635587e+02
9.862484000000000000e+06,6.173787453897796240e+02
9.863420000000000000e+06,6.172544645803970980e+02
9.864356000000000000e+06,6.170534265048975158e+02
9.865292000000000000e+06,6.168164958704496712e+02
9.866224000000000000e+06,6.165831878040132779e+02
9.867160000000000000e+06,6.163870527948718063e+02
9.868096000000000000e+06,6.162516553913673079e+02
9.869032000000000000e+06,6.161875891488519983e+02
9.869964000000000000e+06,6.161909188856561741e+02
9.870900000000000000e+06,6.162433496321871189e+02
9.871836000000000000e+06,6.163142704133032339e+02
9.872772000000000000e+06,6.163646029288670434e+02
9.873704000000000000e+06,6.163521250876254953e+02
9.874640000000000000e+06,6.162376887903966463e+02
9.875576000000000000e+06,6.159915631373986571e+02
9.876512000000000000e+06,6.155990418994904303e+02
9.877444000000000000e+06,6.150644718664699440e+02
9.878380000000000000e+06,6.144129943406786651e+02
9.879316000000000000e+06,6.136895518799464071e+02
9.880252000000000000e+06,6.129550857449490877e+02
9.881184000000000000e+06,6.122802867902295247e+02
9.882120000000000000e+06,6.117376750197163346e+02
9.883056000000000000e+06,6.113930733432616762e+02
9.883992000000000000e+06,6.112976435550094720e+02
9.884924000000000000e+06,6.114815548735834909e+02
9.885860000000000000e+06,6.119500918642081615e+02
9.886796000000000000e+06,6.126826385375288737e+02
9.887728000000000000e+06,6.136345650864197978e+02
9.888664000000000000e+06,6.147416579555439284e+02
9.889600000000000000e+06,6.159264322824036526e+02
9.890536000000000000e+06,6.171054941820420936e+02
9.891472000000000000e+06,6.181970968021048520e+02
9.892404000000000000e+06,6.191281375473276967e+02
9.893340000000000000e+06,6.198400216169106898e+02
9.894276000000000000e+06,6.202930095433038105e+02
9.895212000000000000e+06,6.204688319408087409e+02
9.896144000000000000e+06,6.203714784206936201e+02
9.897080000000000000e+06,6.200261593903239827e+02
9.898016000000000000e+06,6.194765251012826184e+02
9.898952000000000000e+06,6.187803321642510355e+02
9.899884000000000000e+06,6.180038806558686701e+02
9.900820000000000000e+06,6.172156836281928918e+02
9.901756000000000000e+06,6.164799397233521177e+02
9.902692000000000000e+06,6.158504331404271852e+02
9.903624000000000000e+06,6.153654788894123158e+02
9.904560000000000000e+06,6.150444713172319098e+02
9.905496000000000000e+06,6.148864803540961930e+02
9.906432000000000000e+06,6.148711632762814361e+02
9.907364000000000000e+06,6.149620147919071087e+02
9.908300000000000000e+06,6.151116798291659507e+02
9.909236000000000000e+06,6.152687403371146502e+02
9.910172000000000000e+06,6.153851159505552459e+02
9.911104000000000000e+06,6.154230514331372888e+02
9.912040000000000000e+06,6.153606549415060272e+02
9.912976000000000000e+06,6.151951247720822948e+02
9.913912000000000000e+06,6.149431401714073218e+02
9.914844000000000000e+06,6.146383347641609589e+02
9.915780000000000000e+06,6.143262341819918220e+02
9.916716000000000000e+06,6.140574333653030408e+02
9.917652000000000000e+06,6.138800425890825636e+02
9.918584000000000000e+06,6.138325093788938602e+02
9.919520000000000000e+06,6.139378314897680866e+02
9.920456000000000000e+06,6.141999464850953245e+02
9.921392000000000000e+06,6.146027573423090189e+02
9.922324000000000000e+06,6.151118747948204373e+02
9.923260000000000000e+06,6.156787771630720272e+02
9.924196000000000000e+06,6.162467652179068409e+02
9.925132000000000000e+06,6.167578744073995267e+02
9.926064000000000000e+06,6.171598283525327133e+02
9.927000000000000000e+06,6.174121762438767291e+02
9.927936000000000000e+06,6.174909292977873747e+02
9.928872000000000000e+06,6.173912572611089900e+02
9.929804000000000000e+06,6.171280718967768735e+02
9.930740000000000000e+06,6.167345562565963064e+02
9.931676000000000000e+06,6.162588643949853804e+02
9.932612000000000000e+06,6.157593213180349494e+02
9.933544000000000000e+06,6.152985274409197700e+02
9.934480000000000000e+06,6.149368427167767095e+02
9.935416000000000000e+06,6.147257998433946113e+02
9.936352000000000000e+06,6.147020595790486368e+02
9.937284000000000000e+06,6.148825470546430552e+02
9.938220000000000000e+06,6.152613675157941771e+02
9.939156000000000000e+06,6.158089752463820332e+02
9.940092000000000000e+06,6.164738604113605334e+02
9.941024000000000000e+06,6.171867445015767544e+02
9.941960000000000000e+06,6.178669719590321847e+02
9.942896000000000000e+06,6.184304992412239699e+02
9.943832000000000000e+06,6.187986587259498492e+02
9.944764000000000000e+06,6.189067486331257442e+02
9.945700000000000000e+06,6.187114890487458752e+02
9.946636000000000000e+06,6.181964871458952757e+02
9.947572000000000000e+06,6.173750572862326180e+02
9.948504000000000000e+06,6.162900223909646229e+02
9.949440000000000000e+06,6.150104566510736959e+02
9.950376000000000000e+06,6.136256848555977967e+02
9.951312000000000000e+06,6.122371865534687458e+02
9.952244000000000000e+06,6.109493084856952692e+02
9.953180000000000000e+06,6.098598154709836763e+02
9.954116000000000000e+06,6.090512857688597705e+02
9.955052000000000000e+06,6.085841979739087719e+02
9.955984000000000000e+06,6.084923056902920280e+02
9.956920000000000000e+06,6.087806030303567013e+02
9.957856000000000000e+06,6.094258915857373040e+02
9.958792000000000000e+06,6.103797033356543125e+02
9.959724000000000000e+06,6.115731426711413405e+02
9.960660000000000000e+06,6.129231007289109812e+02
9.961596000000000000e+06,6.143392599303347197e+02
9.962532000000000000e+06,6.157313154589287478e+02
9.963464000000000000e+06,6.170158587642899874e+02
9.964400000000000000e+06,6.181223853829034169e+02
9.965336000000000000e+06,6.189979283755236565e+02
9.966272000000000000e+06,6.196099166738891881e+02
9.967204000000000000e+06,6.199470341532955899e+02
9.968140000000000000e+06,6.200180939784612519e+02
9.969076000000000000e+06,6.198491967460996648e+02
9.970012000000000000e+06,6.194796511334845945e+02
9.970944000000000000e+06,6.189572520726520679e+02
9.971880000000000000e+06,6.183335125774229937e+02
9.972816000000000000e+06,6.176593483508622739e+02
9.973752000000000000e+06,6.169815631877841042e+02
9.974684000000000000e+06,6.163403232387095159e+02
9.975620000000000000e+06,6.157676677360044550e+02
9.976556000000000000e+06,6.152869930459024772e+02
9.977492000000000000e+06,6.149133654500089960e+02
9.978424000000000000e+06,6.146544611511615130e+02
9.979360000000000000e+06,6.145118958723649030e+02
9.980296000000000000e+06,6.144826928432745490e+02
9.981232000000000000e+06,6.145606544198842585e+02
9.982164000000000000e+06,6.147374565364351611e+02
9.983100000000000000e+06,6.150033753616594367e+02
9.984036000000000000e+06,6.153476638742512250e+02
9.984972000000000000e+06,6.157586878394597534e+02
9.985904000000000000e+06,6.162239697707541382e+02
9.986840000000000000e+06,6.167302614929308220e+02
9.987776000000000000e+06,6.172636879896165283e+02
9.988712000000000000e+06,6.178099136133737375e+02
9.989644000000000000e+06,6.183542125597234644e+02
9.990580000000000000e+06,6.188813056390106340e+02
9.991516000000000000e+06,6.193748712172290425e+02
9.992452000000000000e+06,6.198167499659714395e+02
9.993384000000000000e+06,6.201860166868344777e+02
9.994320000000000000e+06,6.204582423190762484e+02
9.995256000000000000e+06,6.206053634617314856e+02
9.996192000000000000e+06,6.205965727292651763e+02
9.997124000000000000e+06,6.204005170876457669e+02
9.998060000000000000e+06,6.199888473245862315e+02
9.998996000000000000e+06,6.193408422808786327e+02
9.999932000000000000e+06,6.184485134254308605e+02
1.000086400000000000e+07,6.173213660563408212e+02
1.000180000000000000e+07,6.159899163170598513e+02
1.000273600000000000e+07,6.145071578397989924e+02
1.000367200000000000e+07,6.129474188222036446e+02
1.000460400000000000e+07,6.114024090013080013e+02
1.000554000000000000e+07,6.099746733658352014e+02
1.000647600000000000e+07,6.087690780307568730e+02
1.000741200000000000e+07,6.078832743138425485e+02
1.000834400000000000e+07,6.073982501279941744e+02
1.000928000000000000e+07,6.073700537870353173e+02
1.001021600000000000e+07,6.078235907992996090e+02
1.001115200000000000e+07,6.087491180993910120e+02
1.001208400000000000e+07,6.101017656850452795e+02
1.001302000000000000e+07,6.118041436728693725e+02
1.001395600000000000e+07,6.137518437720024167e+02
1.001489200000000000e+07,6.158214015179096350e+02
1.001582400000000000e+07,6.178800466089044221e+02
1.001676000000000000e+07,6.197963579606413305e+02
1.001769600000000000e+07,6.214508006588650915e+02
1.001863200000000000e+07,6.227450946517229795e+02
1.001956400000000000e+07,6.236094705330391434e+02
1.002050000000000000e+07,6.240071007355644497e+02
1.002143600000000000e+07,6.239353265584902601e+02
1.002237200000000000e+07,6.234236870305867342e+02
1.002330400000000000e+07,6.225291392216456643e+02
1.002424000000000000e+07,6.213291868555190831e+02
1.002517600000000000e+07,6.199138595809678236e+02
1.002611200000000000e+07,6.183775740495128730e+02
1.002704400000000000e+07,6.168118384968830696e+02
1.002798000000000000e+07,6.152995389786434544e+02
1.002891600000000000e+07,6.139112097615160337e+02
1.002985200000000000e+07,6.127033172503527112e+02
1.003078400000000000e+07,6.117182579444586281e+02
1.003172000000000000e+07,6.109855459933554584e+02
1.003265600000000000e+07,6.105235698937077586e+02
1.003359200000000000e+07,6.103413275366505104e+02
1.003452400000000000e+07,6.104396853004325294e+02
1.003546000000000000e+07,6.108119204996802409e+02
1.003639600000000000e+07,6.114435544343058382e+02
1.003733200000000000e+07,6.123117108018519730e+02
1.003826400000000000e+07,6.133843879089689608e+02
1.003920000000000000e+07,6.146200816192056209e+02
1.004013600000000000e+07,6.159681415102419351e+02
1.004107200000000000e+07,6.173701112925905363e+02
1.004200400000000000e+07,6.187621271088033836e+02
1.004294000000000000e+07,6.200782531589103428e+02
1.004387600000000000e+07,6.212544559178085137e+02
1.004481200000000000e+07,6.222327906174823511e+02
1.004574400000000000e+07,6.229653206704816739e+02
1.004668000000000000e+07,6.234173170376176358e+02
1.004761600000000000e+07,6.235693791129175452e+02
1.004855200000000000e+07,6.234182639366464400e+02
1.004948400000000000e+07,6.229763878124728080e+02
1.005042000000000000e+07,6.222701506130628104e+02
1.005135600000000000e+07,6.213373938041061137e+02
1.005229200000000000e+07,6.202243972664566627e+02
1.005322400000000000e+07,6.189828205380214285e+02
1.005416000000000000e+07,6.176669085897866580e+02
1.005509600000000000e+07,6.163311485438671298e+02
1.005603200000000000e+07,6.150284252621487440e+02
1.005696400000000000e+07,6.138086090545185698e+02
1.005790000000000000e+07,6.127174316904056468e+02
1.005883600000000000e+07,6.117954761216644783e+02
1.005977200000000000e+07,6.110771253410366626e+02
1.006070400000000000e+07,6.105893803619807159e+02
1.006164000000000000e+07,6.103505487234225484e+02
1.006257600000000000e+07,6.103689014452063475e+02
1.006351200000000000e+07,6.106414788085779719e+02
1.006444400000000000e+07,6.111532797997751913e+02
1.006538000000000000e+07,6.118770892313343666e+02
1.006631600000000000e+07,6.127741774111366340e+02
1.006725200000000000e+07,6.137960433601651857e+02
1.006818400000000000e+07,6.148872521122775652e+02
1.006912000000000000e+07,6.159892368255683550e+02
1.007005600000000000e+07,6.170447246664130034e+02
1.007099200000000000e+07,6.180022614557848328e+02
1.007192400000000000e+07,6.188202198311507800e+02
1.007286000000000000e+07,6.194697158441331339e+02
1.007379600000000000e+07,6.199360212229129274e+02
1.007473200000000000e+07,6.202183020219711125e+02
1.007566400000000000e+07,6.203277872124017449e+02
1.007660000000000000e+07,6.202847222207220739e+02
1.007753600000000000e+07,6.201146452281037682e+02
1.007847200000000000e+07,6.198445994363627278e+02
1.007940400000000000e+07,6.194998467912225806e+02
1.008034000000000000e+07,6.191014992702725976e+02
1.008127600000000000e+07,6.186652857579163083e+02
1.008221200000000000e+07,6.182014816727506741e+02
1.008314400000000000e+07,6.177158756962904818e+02
1.008408000000000000e+07,6.172115346544144359e+02
1.008501600000000000e+07,6.166910434259541489e+02
1.008595200000000000e+07,6.161588397003768023e+02
1.008688400000000000e+07,6.156232466869713562e+02
1.008782000000000000e+07,6.150978472941496875e+02
1.008875600000000000e+07,6.146019423201903464e+02
1.008969200000000000e+07,6.141599726051495054e+02
1.009062400000000000e+07,6.137999313794483669e+02
1.009156000000000000e+07,6.135509252139627279e+02
1.009249600000000000e+07,6.134401476518245317e+02
1.009342800000000000e+07,6.134896022665865303e+02
1.009436400000000000e+07,6.137129473402975464e+02
1.009623600000000000e+07,6.141128317818579490e+02
1.009717200000000000e+07,6.146790567643047325e+02
1.009810400000000000e+07,6.153878394837622636e+02
1.009904000000000000e+07,6.162023785167414189e+02
1.009997600000000000e+07,6.170748173868295225e+02
1.010091200000000000e+07,6.179495659300187071e+02
1.010184400000000000e+07,6.187677729034516005e+02
1.010278000000000000e+07,6.194725670953213239e+02
1.010371600000000000e+07,6.200145237562747980e+02
1.010464800000000000e+07,6.203567006111334194e+02
1.010558400000000000e+07,6.204785620094528440e+02
1.010652000000000000e+07,6.203782027063407440e+02
1.010745600000000000e+07,6.200724965651604634e+02
1.010839200000000000e+07,6.195950944319843074e+02
1.010932400000000000e+07,6.189925193281936799e+02
1.011026000000000000e+07,6.183188934587244603e+02
1.011119600000000000e+07,6.176300307550727666e+02
1.011213200000000000e+07,6.169777083288731774e+02
1.011306400000000000e+07,6.164048756700851754e+02
1.011400000000000000e+07,6.159423787555664376e+02
1.011493600000000000e+07,6.156075011174356177e+02
1.011587200000000000e+07,6.154043132050840086e+02
1.011680400000000000e+07,6.153255418995220225e+02
1.011774000000000000e+07,6.153554768589955302e+02
1.011867600000000000e+07,6.154733438168408384e+02
1.011961200000000000e+07,6.156565951410292428e+02
1.012054400000000000e+07,6.158836763260183034e+02
1.012148000000000000e+07,6.161359914354809462e+02
1.012241600000000000e+07,6.163989689079396612e+02
1.012335200000000000e+07,6.166622843111027805e+02
1.012428400000000000e+07,6.169194079942463986e+02
1.012522000000000000e+07,6.171667057515118131e+02
1.012615600000000000e+07,6.174023294572866689e+02
1.012709200000000000e+07,6.176251035929340105e+02
1.012802400000000000e+07,6.178335665019238832e+02
1.012896000000000000e+07,6.180252834067870253e+02
1.012989600000000000e+07,6.181965147790978108e+02
1.013083200000000000e+07,6.183422859379621741e+02
1.013176400000000000e+07,6.184568493454535201e+02
1.013270000000000000e+07,6.185344605913887790e+02
1.013363600000000000e+07,6.185703185075871033e+02
1.013457200000000000e+07,6.185614736552948898e+02
1.013550400000000000e+07,6.185075081574549358e+02
1.013644000000000000e+07,6.184108388958960631e+02
1.013737600000000000e+07,6.182765813548172673e+02
1.013831200000000000e+07,6.181120041418491837e+02
1.013924400000000000e+07,6.179256747023682692e+02
1.014018000000000000e+07,6.177264310360797026e+02
1.014111600000000000e+07,6.175223208773210217e+02
1.014205200000000000e+07,6.173196469985116437e+02
1.014298400000000000e+07,6.171222524621878165e+02
1.014392000000000000e+07,6.169311632547659201e+02
1.014485600000000000e+07,6.167446636015279182e+02
1.014579200000000000e+07,6.165588092445724442e+02
1.014672400000000000e+07,6.163683032218325479e+02
1.014766000000000000e+07,6.161675955597315806e+02
1.014859600000000000e+07,6.159520429446952221e+02
1.014953200000000000e+07,6.157189744740411470e+02
1.015046400000000000e+07,6.154685361520074593e+02
1.015140000000000000e+07,6.152042153205434261e+02
1.015233600000000000e+07,6.149329776438079307e+02
1.015327200000000000e+07,6.146649898174612190e+02
1.015420400000000000e+07,6.144129475624326915e+02
1.015514000000000000e+07,6.141910693136563850e+02
1.015607600000000000e+07,6.140138440256703234e+02
1.015700800000000000e+07,6.138946374073692596e+02
1.015794400000000000e+07,6.138442677118096071e+02
1.015888000000000000e+07,6.138696623469622864e+02
1.015981600000000000e+07,6.139727030432580932e+02
1.016168400000000000e+07,6.141493624417290675e+02
1.016262000000000000e+07,6.143892285997468434e+02
1.016355600000000000e+07,6.146755051872064541e+02
1.016449200000000000e+07,6.149855626907494752e+02
1.016542400000000000e+07,6.152920929238119925e+02
1.016636000000000000e+07,6.155648718982802166e+02
1.016730000000000000e+07,6.157730550814148955e+02
1.016823200000000000e+07,6.158878239518210194e+02
1.016916400000000000e+07,6.158851048433175492e+02
1.017010000000000000e+07,6.157480284925910610e+02
1.017103600000000000e+07,6.154688168148770728e+02
1.017197200000000000e+07,6.150498714569442882e+02
1.017290400000000000e+07,6.145039686272715471e+02
1.017384000000000000e+07,6.138535937246173262e+02
1.017477600000000000e+07,6.131295390755926746e+02
1.017571200000000000e+07,6.123689211026965040e+02
1.017664400000000000e+07,6.116127602977243214e+02
1.017758000000000000e+07,6.109032428965940653e+02
1.017851600000000000e+07,6.102807847524190947e+02
1.017945200000000000e+07,6.097810598979086762e+02
1.018038400000000000e+07,6.094322192509072238e+02
1.018132000000000000e+07,6.092525719016109633e+02
1.018225600000000000e+07,6.092490047039138972e+02
1.018319200000000000e+07,6.094163692610903809e+02
1.018412400000000000e+07,6.097379768369858084e+02
1.018506000000000000e+07,6.101872226697990982e+02
1.018599600000000000e+07,6.107302247872298722e+02
1.018693200000000000e+07,6.113292266083077493e+02
1.018786400000000000e+07,6.119463988326878052e+02
1.018880800000000000e+07,6.125476042790070323e+02
1.018973600000000000e+07,6.131056745643389831e+02
1.019067200000000000e+07,6.136027994100560363e+02
1.019160400000000000e+07,6.140317476345549039e+02
1.019254000000000000e+07,6.143958056338619826e+02
1.019347600000000000e+07,6.147074997921893100e+02
1.019441200000000000e+07,6.149863271517517660e+02
1.019534400000000000e+07,6.152558285826765996e+02
1.019628000000000000e+07,6.155403887133905982e+02
1.019721600000000000e+07,6.158621380960101988e+02
1.019815200000000000e+07,6.162382823299896017e+02
1.019908400000000000e+07,6.166791153891259682e+02
1.020002000000000000e+07,6.171869033335469794e+02
1.020095600000000000e+07,6.177557405537885415e+02
1.020188800000000000e+07,6.183723689034098925e+02
1.020282400000000000e+07,6.190178177353077444e+02
1.020376000000000000e+07,6.196696048507031946e+02
1.020469600000000000e+07,6.203041734770067706e+02
1.020563200000000000e+07,6.208992417725908126e+02
1.020656400000000000e+07,6.214357903898486484e+02
1.020750000000000000e+07,6.218994820458842696e+02
1.020843600000000000e+07,6.222813826026921333e+02
1.020937200000000000e+07,6.225779412498671945e+02
1.021031200000000000e+07,6.227902908762649759e+02
1.021124000000000000e+07,6.229230338747820497e+02
1.021217600000000000e+07,6.229827569228973516e+02
1.021311200000000000e+07,6.229765484737018824e+02
1.021404400000000000e+07,6.229107668978704169e+02
1.021498000000000000e+07,6.227902326866052363e+02
1.021591600000000000e+07,6.226179129885498469e+02
1.021685200000000000e+07,6.223950542048563648e+02
1.021778400000000000e+07,6.221216228671677300e+02
1.021872000000000000e+07,6.217968615443875251e+02
1.021965600000000000e+07,6.214197751685856019e+02
1.022059200000000000e+07,6.209894340406907531e+02
1.022152400000000000e+07,6.205050831273972562e+02
1.022246000000000000e+07,6.199661381753988962e+02
1.022339600000000000e+07,6.193721964908180553e+02
1.022433200000000000e+07,6.187231900050192053e+02
1.022526400000000000e+07,6.180197740365413210e+02
1.022713600000000000e+07,6.172639930596388922e+02
1.022807200000000000e+07,6.164602058609617643e+02
1.022900400000000000e+07,6.156161917835332815e+02
1.022994000000000000e+07,6.147442996036118075e+02
1.023087600000000000e+07,6.138624455335617540e+02
1.023181600000000000e+07,6.129947269147899078e+02
1.023274400000000000e+07,6.121714074990157997e+02
1.023368000000000000e+07,6.114280613375374287e+02
1.023461600000000000e+07,6.108037401557770636e+02
1.023555200000000000e+07,6.103381504587957807e+02
1.023648400000000000e+07,6.100679821528192406e+02
1.023742000000000000e+07,6.100227018061094668e+02
1.023835600000000000e+07,6.102202794097562446e+02
1.023929200000000000e+07,6.106634198585990134e+02
1.024022400000000000e+07,6.113368905464675436e+02
1.024116000000000000e+07,6.122064635361211913e+02
1.024209600000000000e+07,6.132198288535061010e+02
1.024302800000000000e+07,6.143095999708376667e+02
1.024396400000000000e+07,6.153982531540672198e+02
1.024490000000000000e+07,6.164045652249801606e+02
1.024583600000000000e+07,6.172508931866827879e+02
1.024677200000000000e+07,6.178705171971031405e+02
1.024770400000000000e+07,6.182142618772778633e+02
1.024864000000000000e+07,6.182557059359988898e+02
1.024957600000000000e+07,6.179944534058320187e+02
1.025051200000000000e+07,6.174571355883379056e+02
1.025144400000000000e+07,6.166960133037761125e+02
1.025238000000000000e+07,6.157852381133517383e+02
1.025332000000000000e+07,6.148150051997120045e+02
1.025424800000000000e+07,6.138839957759347499e+02
1.025518400000000000e+07,6.130906713862661945e+02
1.025612000000000000e+07,6.125241451457300172e+02
1.025705600000000000e+07,6.122554951030543862e+02
1.025799200000000000e+07,6.123304597147291588e+02
1.025892400000000000e+07,6.127644137913397344e+02
1.025986000000000000e+07,6.135403326783075499e+02
1.026079600000000000e+07,6.146101204972210326e+02
1.026173200000000000e+07,6.158992536538122522e+02
1.026266400000000000e+07,6.173142471394951372e+02
1.026360000000000000e+07,6.187520677912710880e+02
1.026453600000000000e+07,6.201103641749676854e+02
1.026547200000000000e+07,6.212973005058981926e+02
1.026640400000000000e+07,6.222398810664570874e+02
1.026734000000000000e+07,6.228899060126296945e+02
1.026827600000000000e+07,6.232270552911807044e+02
1.026921200000000000e+07,6.232589853297606624e+02
1.027014400000000000e+07,6.230186769196095611e+02
1.027108000000000000e+07,6.225595468912557635e+02
1.027201600000000000e+07,6.219490123514555080e+02
1.027295200000000000e+07,6.212612739677541640e+02
1.027388400000000000e+07,6.205700703616607825e+02
1.027482800000000000e+07,6.199420618136462053e+02
1.027575600000000000e+07,6.194313534951301108e+02
1.027669200000000000e+07,6.190755019374870471e+02
1.027762400000000000e+07,6.188931947050688223e+02
1.027856000000000000e+07,6.188836646952786396e+02
1.027949600000000000e+07,6.190277900436852860e+02
1.028043200000000000e+07,6.192907254048479899e+02
1.028136400000000000e+07,6.196258073791908600e+02
1.028230000000000000e+07,6.199793855478975502e+02
1.028323600000000000e+07,6.202961616286660274e+02
1.028417200000000000e+07,6.205245750322676486e+02
1.028510400000000000e+07,6.206217527838647356e+02
1.028604000000000000e+07,6.205575529155672712e+02
1.028697600000000000e+07,6.203172900566497674e+02
1.028790800000000000e+07,6.199028545499714937e+02
1.028884400000000000e+07,6.193321192735393197e+02
1.028978000000000000e+07,6.186367443589492723e+02
1.029071600000000000e+07,6.178586932795153643e+02
1.029165200000000000e+07,6.170459166258724508e+02
1.029258400000000000e+07,6.162477133086825916e+02
1.029352000000000000e+07,6.155102454585193072e+02
1.029445600000000000e+07,6.148725941066671794e+02
1.029539200000000000e+07,6.143636409701812227e+02
1.029633200000000000e+07,6.139999818577481392e+02
1.029726000000000000e+07,6.137850289121174683e+02
1.029819600000000000e+07,6.137094202458172276e+02
1.029913200000000000e+07,6.137527850076261302e+02
1.030006400000000000e+07,6.138867782786890075e+02
1.030100000000000000e+07,6.140791100027586253e+02
1.030193600000000000e+07,6.142980917977636182e+02
1.030287200000000000e+07,6.145170776843060594e+02
1.030380400000000000e+07,6.147181299926861584e+02
1.030474000000000000e+07,6.148943222305986183e+02
1.030567600000000000e+07,6.150502884966869033e+02
1.030661200000000000e+07,6.152009093065845491e+02
1.030754400000000000e+07,6.153683303505335971e+02
1.030848000000000000e+07,6.155777794551817124e+02
1.030941600000000000e+07,6.158528260328612305e+02
1.031035200000000000e+07,6.162107915474410902e+02
1.031128400000000000e+07,6.166589702116418721e+02
1.031222000000000000e+07,6.171921757283879515e+02
1.031315600000000000e+07,6.177919231052743498e+02
1.031409200000000000e+07,6.184273193334166763e+02
1.031502400000000000e+07,6.190575060452823664e+02
1.031596000000000000e+07,6.196353017292011600e+02
1.031689600000000000e+07,6.201115599011926633e+02
1.031783600000000000e+07,6.204397131035570965e+02
1.031876400000000000e+07,6.205800089404882556e+02
1.031970000000000000e+07,6.205030388462445217e+02
1.032063600000000000e+07,6.201922823779665350e+02
1.032157200000000000e+07,6.196455192059321462e+02
1.032250400000000000e+07,6.188750851188419801e+02
1.032344000000000000e+07,6.179070523727918953e+02
1.032437600000000000e+07,6.167794837472000609e+02
1.032531200000000000e+07,6.155399420623751894e+02
1.032624400000000000e+07,6.142424484284482560e+02
1.032718000000000000e+07,6.129440937064384798e+02
1.032811600000000000e+07,6.117015271239270078e+02
1.032904800000000000e+07,6.105675652802059403e+02
1.032998400000000000e+07,6.095881673434897721e+02
1.033092000000000000e+07,6.087999954164378096e+02
1.033185600000000000e+07,6.082287206945646858e+02
1.033279200000000000e+07,6.078881554824546356e+02
1.033372400000000000e+07,6.077802055357117297e+02
1.033466000000000000e+07,6.078955644226944059e+02
1.033559600000000000e+07,6.082150235854591074e+02
1.033653200000000000e+07,6.087112514655445921e+02
1.033746400000000000e+07,6.093508953113505413e+02
1.033840000000000000e+07,6.100968648294069681e+02
1.033934000000000000e+07,6.109106536844653874e+02
1.034026800000000000e+07,6.117545428497727471e+02
1.034120400000000000e+07,6.125935242844209370e+02
1.034214000000000000e+07,6.133968008034917148e+02
1.034307600000000000e+07,6.141387605529632765e+02
1.034401200000000000e+07,6.147993813573499438e+02
1.034494400000000000e+07,6.153640812101752999e+02
1.034588000000000000e+07,6.158230938524284284e+02
1.034681600000000000e+07,6.161705099330860094e+02
1.034775200000000000e+07,6.164031716242387802e+02
1.034868400000000000e+07,6.165196223870763106e+02
1.034962000000000000e+07,6.165192836571834505e+02
1.035055600000000000e+07,6.164019656581473328e+02
1.035149200000000000e+07,6.161677427822188520e+02
1.035242400000000000e+07,6.158171561454010998e+02
1.035336000000000000e+07,6.153516582908553119e+02
1.035429600000000000e+07,6.147741903181668022e+02
1.035523200000000000e+07,6.140897787267230115e+02
1.035616400000000000e+07,6.133060545775922492e+02
1.035710000000000000e+07,6.124336245738794560e+02
1.035803600000000000e+07,6.114862514640147992e+02
1.035897200000000000e+07,6.104808175282256570e+02
1.035990400000000000e+07,6.094370444950275214e+02
1.036084800000000000e+07,6.083769361031896779e+02
1.036177600000000000e+07,6.073239191351166255e+02
