5.434444000000000000e+06,5.225648946863334032e+01
5.434588000000000000e+06,4.655394971680443028e+00
5.434728000000000000e+06,3.925345116490182029e+00
5.434864000000000000e+06,2.727159453070150175e+00
5.435004000000000000e+06,5.014719262681140322e+00
5.435140000000000000e+06,-5.295617123138569582e-01
5.435288000000000000e+06,-6.548180991996683797e-01
5.435552000000000000e+06,9.110301800484482015e+00
5.436484000000000000e+06,7.182066281874188718e+00
5.437420000000000000e+06,3.336996517842469423e+00
5.438356000000000000e+06,-5.295617123138569582e-01
5.439292000000000000e+06,7.888367415241177572e-01
5.440224000000000000e+06,5.978837021986286970e+00
5.441160000000000000e+06,4.780651358566254672e+00
5.443032000000000000e+06,3.925345116490182029e+00
5.443964000000000000e+06,5.733367844682533132e+00
5.444900000000000000e+06,5.624556327453460014e+00
5.445836000000000000e+06,4.894506472263198127e+00
5.446772000000000000e+06,1.148161032524814384e+00
5.447704000000000000e+06,7.432579055645811117e+00
5.448640000000000000e+06,-6.558423365195363175e+00
5.449576000000000000e+06,-6.383732295429309644e-01
5.450512000000000000e+06,8.750977509483785610e+00
5.451444000000000000e+06,-5.295617123138569582e-01
5.452380000000000000e+06,5.265232036452762721e+00
5.453316000000000000e+06,1.987022404944149612e+00
5.454252000000000000e+06,4.426370664033427715e+00
5.455184000000000000e+06,7.661603363292827318e+00
5.456120000000000000e+06,5.978837021986286970e+00
5.457056000000000000e+06,-7.800744860854796903e-01
5.457992000000000000e+06,4.388437328252083880e+00
5.458924000000000000e+06,2.366521081816323147e+00
5.459860000000000000e+06,3.064995277946239938e+00
5.460796000000000000e+06,3.462252904728280622e+00
5.461732000000000000e+06,2.018598064004494486e+00
5.462664000000000000e+06,6.822741990873491424e+00
5.463600000000000000e+06,7.182066281874188718e+00
5.464536000000000000e+06,6.229349795757909369e+00
5.465472000000000000e+06,2.133767257954567675e+00
5.466404000000000000e+06,4.279625811023008986e+00
5.467340000000000000e+06,-6.548180991996683797e-01
5.468276000000000000e+06,7.056809894988377074e+00
5.469212000000000000e+06,3.462252904728280622e+00
5.470144000000000000e+06,1.148161032524814384e+00
5.471080000000000000e+06,-1.139398777086176429e+00
5.472016000000000000e+06,-1.014142390200365007e+00
5.472952000000000000e+06,-1.139398777086176429e+00
5.473884000000000000e+06,5.978837021986286970e+00
5.474820000000000000e+06,6.463417699872795019e+00
5.475756000000000000e+06,6.822741990873491424e+00
5.476692000000000000e+06,2.259023644840379319e+00
5.477624000000000000e+06,2.384280031726190519e+00
5.478560000000000000e+06,-2.217371650088266311e+00
5.479496000000000000e+06,4.764206488909517923e+00
5.480432000000000000e+06,4.900864148984196866e+00
5.481364000000000000e+06,1.294905885535232004e+00
5.482300000000000000e+06,5.248787166796025971e+00
5.483236000000000000e+06,5.624556327453460014e+00
5.484172000000000000e+06,5.499299940567648370e+00
5.485104000000000000e+06,5.145019246034820526e+00
5.486040000000000000e+06,2.112278791829961033e+00
5.486976000000000000e+06,7.427535459177942556e+00
5.487912000000000000e+06,-7.800744860854796903e-01
5.488844000000000000e+06,2.008510871068756476e+00
5.489780000000000000e+06,-3.301702199811355598e+00
5.490716000000000000e+06,6.947998377759303068e+00
5.491648000000000000e+06,-1.014142390200365007e+00
5.492584000000000000e+06,-5.295617123138569582e-01
5.493520000000000000e+06,3.336996517842469423e+00
5.494456000000000000e+06,-1.752810177810294467e-01
5.495392000000000000e+06,5.248787166796025971e+00
5.496324000000000000e+06,-4.043053254280455922e-01
5.497260000000000000e+06,5.014719262681140322e+00
5.498196000000000000e+06,-9.053308729712911118e-01
5.499132000000000000e+06,9.486070961141916058e+00
5.500064000000000000e+06,4.513693715137894635e+00
5.501000000000000000e+06,4.884419279327460117e+00
5.501936000000000000e+06,4.414969390844559527e+00
5.502868000000000000e+06,6.697485603987679781e+00
5.503804000000000000e+06,3.925345116490182029e+00
5.504740000000000000e+06,-9.053308729712911118e-01
5.505676000000000000e+06,4.889462875795328678e+00
5.506612000000000000e+06,5.978837021986286970e+00
5.507544000000000000e+06,2.362791565601583876e+00
5.508480000000000000e+06,1.736509631172526991e+00
5.509416000000000000e+06,9.241803213456671884e-01
5.510352000000000000e+06,5.619512730985589677e+00
5.511284000000000000e+06,5.014719262681140322e+00
5.512220000000000000e+06,-5.295617123138569582e-01
5.513156000000000000e+06,4.175857890261804428e+00
5.514092000000000000e+06,5.139975649566951965e+00
5.515024000000000000e+06,2.226133905526904488e+00
5.515960000000000000e+06,-1.602490988848078057e+00
5.516896000000000000e+06,6.577272813569738474e+00
5.517832000000000000e+06,5.368999957213967278e+00
5.518764000000000000e+06,-3.181489409393413403e+00
5.519700000000000000e+06,-1.702374213131603309e-01
5.520636000000000000e+06,5.624556327453460014e+00
5.521572000000000000e+06,4.535182181262500833e+00
5.522504000000000000e+06,-9.053308729712911118e-01
5.523440000000000000e+06,5.967435748797418782e+00
5.524376000000000000e+06,1.752954500829264406e+00
5.525312000000000000e+06,4.197346356386411514e+00
5.526244000000000000e+06,8.985045413598669484e+00
5.527180000000000000e+06,6.229349795757909369e+00
5.528116000000000000e+06,7.552791846063754200e+00
5.529052000000000000e+06,4.622505232366969530e+00
5.529984000000000000e+06,-1.744192245390626672e+00
5.530920000000000000e+06,2.237535178715772233e+00
5.531856000000000000e+06,4.889462875795328678e+00
5.532792000000000000e+06,8.739576236294917422e+00
5.533724000000000000e+06,7.307322668759999473e+00
5.534660000000000000e+06,1.256972549753888169e+00
5.535596000000000000e+06,-2.713353601163642992e+00
5.536532000000000000e+06,4.154369424137198230e+00
5.537464000000000000e+06,9.235558187370292771e+00
5.538400000000000000e+06,-3.547171377115109436e+00
5.539336000000000000e+06,6.471354849815689203e-01
5.540272000000000000e+06,6.468461296340664468e+00
5.541204000000000000e+06,-4.379675072813445702e+00
5.542140000000000000e+06,5.858624231568344776e+00
5.543076000000000000e+06,7.056809894988377074e+00
5.544012000000000000e+06,1.068425662456194836e+01
5.544944000000000000e+06,7.824790648031183515e-01
5.545880000000000000e+06,-5.605706879079083826e+00
5.546816000000000000e+06,6.212904926101172620e+00
5.547752000000000000e+06,-3.296658603343486593e+00
5.548684000000000000e+06,-1.029273179603972910e+00
5.549620000000000000e+06,4.414969390844559527e+00
5.550556000000000000e+06,8.625721122597974855e+00
5.551492000000000000e+06,-2.462840827392020149e+00
5.552424000000000000e+06,7.056809894988377074e+00
5.553360000000000000e+06,4.780651358566254672e+00
5.554296000000000000e+06,8.985045413598669484e+00
5.555232000000000000e+06,3.336996517842469423e+00
5.556164000000000000e+06,-3.415557313508299053e+00
5.557100000000000000e+06,1.138646033690660531e+01
5.558036000000000000e+06,-3.993743795947984898e-02
5.558972000000000000e+06,-1.173833645272179460e+01
5.559904000000000000e+06,-4.407521215659051528e+00
5.560840000000000000e+06,9.861840121799350101e+00
5.561776000000000000e+06,-5.371638974964198177e+00
5.562712000000000000e+06,-1.983303745973381105e+00
5.563644000000000000e+06,9.573394012246382090e+00
5.564580000000000000e+06,1.064127969231273774e+01
5.565516000000000000e+06,1.188244228798198066e+01
5.566448000000000000e+06,6.691127927266681041e+00
5.567384000000000000e+06,-1.744192245390626672e+00
5.568320000000000000e+06,-8.976283158160033082e+00
5.569256000000000000e+06,1.659290548702551149e+01
5.570192000000000000e+06,1.345639711205944877e+01
5.571124000000000000e+06,5.581579395204246730e+00
5.572060000000000000e+06,2.107235195362092028e+00
5.572996000000000000e+06,7.905758460343450977e+00
5.573932000000000000e+06,-5.104681331535838140e+00
5.574864000000000000e+06,5.978837021986286970e+00
5.575800000000000000e+06,1.115239243279171966e+01
5.576736000000000000e+06,3.190251664832051137e+00
5.577672000000000000e+06,-5.605706879079083826e+00
5.578604000000000000e+06,-1.632354326487951113e+01
5.579540000000000000e+06,-5.693029930183550746e+00
5.580476000000000000e+06,7.187109878342058167e+00
5.581412000000000000e+06,3.696320808843165828e+00
5.582344000000000000e+06,4.154369424137198230e+00
5.583280000000000000e+06,7.056809894988377074e+00
5.584216000000000000e+06,5.319662910314955084e-01
5.585152000000000000e+06,3.582465695146222373e+00
5.586084000000000000e+06,-5.480450492193272183e+00
5.587020000000000000e+06,5.395532019806443813e+00
5.587956000000000000e+06,7.922203330000188615e+00
5.588888000000000000e+06,-3.562302166518716895e+00
5.589824000000000000e+06,1.158248225460552394e+00
5.590760000000000000e+06,1.250368062594316854e+01
5.591696000000000000e+06,9.486070961141916058e+00
5.592632000000000000e+06,1.523930193182248427e+00
5.593564000000000000e+06,7.056809894988377074e+00
5.594500000000000000e+06,3.686233615907427374e+00
5.595436000000000000e+06,-4.854168557764215741e+00
5.596372000000000000e+06,1.381067780659227573e+01
5.597304000000000000e+06,1.873167291247206601e+00
5.598240000000000000e+06,2.112278791829961033e+00
5.599176000000000000e+06,-9.112940818234713802e+00
5.600112000000000000e+06,2.384280031726190519e+00
5.601044000000000000e+06,1.518886596714379200e+00
5.601980000000000000e+06,9.850438848610483689e+00
5.602916000000000000e+06,-6.307910591423739888e+00
5.603852000000000000e+06,1.114230523985598253e+01
5.604784000000000000e+06,-2.326183167317340317e+00
5.605720000000000000e+06,-3.432002183165036246e+00
5.606656000000000000e+06,-5.605706879079083826e+00
5.607592000000000000e+06,6.697485603987679781e+00
5.608524000000000000e+06,2.463732570962177704e+01
5.609460000000000000e+06,6.217948522569042069e+00
5.610396000000000000e+06,-5.360237701775329988e+00
5.611332000000000000e+06,-2.576695941088963160e+00
5.612264000000000000e+06,1.138646033690660531e+01
5.613200000000000000e+06,1.115239243279171966e+01
5.614136000000000000e+06,9.861840121799350101e+00
5.615072000000000000e+06,1.284656004728712908e+01
5.616004000000000000e+06,-5.343792832118592351e+00
5.616940000000000000e+06,-4.984468541117895946e+00
5.617876000000000000e+06,8.750977509483785610e+00
5.618812000000000000e+06,1.166350517327070335e+01
5.619744000000000000e+06,7.219999617655532553e+00
5.620680000000000000e+06,5.629599923921328575e+00
5.621616000000000000e+06,8.418185281075565740e+00
5.622552000000000000e+06,2.944782487528297743e+00
5.623484000000000000e+06,7.786859750178638961e+00
5.624420000000000000e+06,1.757998097297133633e+00
5.625356000000000000e+06,1.148161032524814384e+00
5.626292000000000000e+06,5.352555087557230529e+00
5.627224000000000000e+06,7.514858510282410364e+00
5.628160000000000000e+06,-4.608699380460461903e+00
5.629096000000000000e+06,3.915257923554443131e+00
5.630032000000000000e+06,9.599926074838860401e+00
5.630964000000000000e+06,6.092692135683230426e+00
5.631900000000000000e+06,-4.733955767346273547e+00
5.632836000000000000e+06,2.727159453070150175e+00
5.633772000000000000e+06,5.733367844682533132e+00
5.634704000000000000e+06,6.969486843883910154e+00
5.635640000000000000e+06,1.078802454532315203e+01
5.636576000000000000e+06,1.408760999232175237e+00
5.637512000000000000e+06,3.686233615907427374e+00
5.638444000000000000e+06,-1.322496822569479313e+01
5.639380000000000000e+06,-9.815144530579368976e+00
5.640316000000000000e+06,1.095121426799030750e+01
5.641252000000000000e+06,-1.702374213131603309e-01
5.642184000000000000e+06,6.844230456998098511e+00
5.643120000000000000e+06,1.223167938604694172e+01
5.644056000000000000e+06,-4.260776362648633686e+00
5.644992000000000000e+06,1.104358091556264476e+01
5.645924000000000000e+06,-1.482278198430135863e+00
5.646860000000000000e+06,1.068930022102981781e+01
5.647796000000000000e+06,1.095121426799030750e+01
5.648732000000000000e+06,-1.410176293389547197e+01
5.649664000000000000e+06,1.251376781887890743e+01
5.650600000000000000e+06,2.951140164249296483e+00
5.651536000000000000e+06,1.297181643417293984e+01
5.652472000000000000e+06,-5.343792832118592351e+00
5.653404000000000000e+06,-1.384867954389930045e+00
5.654340000000000000e+06,9.954206769371687358e+00
5.655276000000000000e+06,-9.053308729712911118e-01
5.656212000000000000e+06,-6.558423365195363175e+00
5.657144000000000000e+06,1.369046501617433442e+01
5.658080000000000000e+06,7.907072540596581156e+00
5.659016000000000000e+06,4.452902726625903362e+00
5.659952000000000000e+06,8.375208348826351568e+00
5.660884000000000000e+06,5.118487183442344879e+00
5.661820000000000000e+06,-1.493679471619004051e+00
5.662756000000000000e+06,1.211651019209686631e+01
5.663692000000000000e+06,-4.043053254280455922e-01
5.664624000000000000e+06,8.642165992254712492e+00
5.665560000000000000e+06,-1.117910310961569786e+00
5.666496000000000000e+06,2.603217146437468266e+00
5.667432000000000000e+06,8.047459716885999370e+00
5.668364000000000000e+06,-1.842916569683962225e+00
5.669300000000000000e+06,-5.104681331535838140e+00
5.670236000000000000e+06,4.889462875795328678e+00
5.671172000000000000e+06,-2.342628036974077954e+00
5.672104000000000000e+06,-1.869448632276438094e+00
5.673040000000000000e+06,-2.576695941088963160e+00
5.673976000000000000e+06,7.531303379939147113e+00
5.674908000000000000e+06,9.448137625360571334e+00
5.675844000000000000e+06,1.332609712870576679e+01
5.676780000000000000e+06,7.683091829417433516e+00
5.677716000000000000e+06,-2.354029310162946143e+00
5.678652000000000000e+06,-6.645691309946919034e+00
5.679584000000000000e+06,1.479628403202202946e+01
5.680520000000000000e+06,8.876233896369598142e+00
5.681456000000000000e+06,4.149325827669328781e+00
5.682392000000000000e+06,7.259302140042917628e+00
5.683324000000000000e+06,2.748647919194756373e+00
5.684260000000000000e+06,-6.073842687308854238e+00
5.685196000000000000e+06,8.516909605368901737e+00
5.686132000000000000e+06,1.274279212652592363e+01
5.687064000000000000e+06,-3.644581621155314810e+00
5.688000000000000000e+06,-4.129162299041823303e+00
5.688936000000000000e+06,-1.331733487326713039e+01
5.689872000000000000e+06,-5.828373510005101288e+00
5.690804000000000000e+06,2.035042933661231679e+00
5.691740000000000000e+06,1.534017386117986437e+00
5.692676000000000000e+06,7.888367415241177572e-01
5.693612000000000000e+06,9.110301800484482015e+00
5.694544000000000000e+06,5.853580635100475327e+00
5.695480000000000000e+06,-5.218536445232780707e+00
5.696416000000000000e+06,-1.493679471619004051e+00
5.697352000000000000e+06,3.336996517842469423e+00
5.698284000000000000e+06,3.946833582614788671e+00
5.699220000000000000e+06,2.575371003591862440e+00
5.700156000000000000e+06,1.283504612346363816e+00
5.701092000000000000e+06,-6.078886283776723687e+00
5.702024000000000000e+06,1.250368062594316854e+01
5.702960000000000000e+06,-3.039788152850865011e+00
5.703896000000000000e+06,9.252003057027032185e+00
5.704832000000000000e+06,5.864981908289344403e+00
5.705764000000000000e+06,-2.701952327974774803e+00
5.706700000000000000e+06,8.744619832762786871e+00
5.707636000000000000e+06,5.843493442164738205e+00
5.708572000000000000e+06,-1.355644637384988371e+01
5.709504000000000000e+06,6.686239511061752294e-01
5.710440000000000000e+06,-5.218536445232780707e+00
5.711376000000000000e+06,-5.594305605890215638e+00
5.712312000000000000e+06,1.309707282105875237e+01
5.713244000000000000e+06,-5.343792832118592351e+00
5.714180000000000000e+06,9.578437608714253315e+00
5.715116000000000000e+06,1.154518709245812902e+00
5.716052000000000000e+06,-4.880700620356691388e+00
5.716984000000000000e+06,-1.869448632276438094e+00
5.717920000000000000e+06,4.638950102023706279e+00
5.718856000000000000e+06,1.876156658647169095e+01
5.719792000000000000e+06,9.486070961141916058e+00
5.720724000000000000e+06,-1.487321794898004867e+00
5.721660000000000000e+06,3.071352954667238677e+00
5.722596000000000000e+06,7.595768778312967484e+00
5.723532000000000000e+06,1.058048870380074469e+01
5.724464000000000000e+06,9.861840121799350101e+00
5.725400000000000000e+06,1.322232920794456312e+01
5.726336000000000000e+06,-3.181489409393413403e+00
5.727272000000000000e+06,-4.875657023888821939e+00
5.728204000000000000e+06,1.477983916236529183e+01
5.729140000000000000e+06,4.180901486729673877e+00
5.730076000000000000e+06,3.358317226979541936e-01
5.731012000000000000e+06,9.833993978953746051e+00
5.731944000000000000e+06,3.086483744070846580e+00
5.732880000000000000e+06,1.757998097297133633e+00
5.733816000000000000e+06,6.697485603987679781e+00
5.734752000000000000e+06,2.738560726259017919e+00
5.735684000000000000e+06,4.312515550336484260e+00
5.736620000000000000e+06,1.309202922459088114e+01
5.737556000000000000e+06,1.092336812514470346e+01
5.738488000000000000e+06,7.787495485883788593e-01
5.739424000000000000e+06,1.237842423905735778e+01
5.740360000000000000e+06,5.858624231568344776e+00
5.741296000000000000e+06,1.104358091556264476e+01
5.742232000000000000e+06,-9.976975205436275917e-01
5.743164000000000000e+06,-1.014142390200365007e+00
5.744100000000000000e+06,-1.727747375733889257e+00
5.745036000000000000e+06,-4.608699380460461903e+00
5.745972000000000000e+06,1.346535578965437630e-01
5.746904000000000000e+06,-5.218536445232780707e+00
5.747840000000000000e+06,1.309707282105875237e+01
5.748776000000000000e+06,-1.766847378130996304e+01
5.749712000000000000e+06,-7.277071947196755985e+00
5.750644000000000000e+06,1.528086470990853840e+01
5.751580000000000000e+06,-6.073842687308854238e+00
5.752516000000000000e+06,-6.333296330750619596e-01
5.753452000000000000e+06,7.688135425885302965e+00
5.754384000000000000e+06,-1.863090955555438910e+00
5.755320000000000000e+06,6.359649779111590462e+00
5.756256000000000000e+06,3.686233615907427374e+00
5.757192000000000000e+06,1.141430647975220936e+01
5.758124000000000000e+06,1.490509554925110436e+01
5.759060000000000000e+06,-1.053379311258076356e+01
5.759996000000000000e+06,7.907072540596581156e+00
5.760932000000000000e+06,1.079942581851202377e+01
5.761864000000000000e+06,1.299949482003101231e+00
5.762800000000000000e+06,8.871190299901726917e+00
5.763736000000000000e+06,-5.719561992776026393e+00
5.764672000000000000e+06,7.307322668759999473e+00
5.765604000000000000e+06,-4.145607168698560052e+00
5.766540000000000000e+06,3.097885017259714324e+00
5.767476000000000000e+06,4.301114277147616072e+00
5.768412000000000000e+06,1.600455688837779888e+01
5.769344000000000000e+06,-3.061276618975471209e+00
5.770280000000000000e+06,6.593717683226476112e+00
5.771216000000000000e+06,1.987022404944149612e+00
5.772152000000000000e+06,-4.984468541117895946e+00
5.773084000000000000e+06,9.949163172903816132e+00
5.774020000000000000e+06,2.972628630373903125e+00
5.774956000000000000e+06,1.225821144863941470e+01
5.775892000000000000e+06,-5.343792832118592351e+00
5.776824000000000000e+06,1.334254199836250443e+01
5.777760000000000000e+06,-2.451439554203151516e+00
5.778696000000000000e+06,-1.464582052004084289e+01
5.779632000000000000e+06,-7.277071947196755985e+00
5.780564000000000000e+06,-9.053308729712911118e-01
5.781500000000000000e+06,8.985045413598669484e+00
5.782436000000000000e+06,-5.594305605890215638e+00
5.783372000000000000e+06,5.978837021986286970e+00
5.784304000000000000e+06,6.484906165997401217e+00
5.785240000000000000e+06,-4.494844266763518448e+00
5.786176000000000000e+06,3.587509291614091822e+00
5.787112000000000000e+06,-4.043053254280455922e-01
5.788044000000000000e+06,1.273417419410625584e+00
5.788980000000000000e+06,-1.254935168229552289e+01
5.789916000000000000e+06,1.573255564848157029e+01
5.790852000000000000e+06,1.104862451203051599e+01
5.791784000000000000e+06,1.032493233356125195e+01
5.792720000000000000e+06,7.562879038999492209e+00
5.793656000000000000e+06,-5.823329913537231839e+00
5.794592000000000000e+06,4.130675808666837145e-01
5.795524000000000000e+06,1.250368062594316854e+01
5.796460000000000000e+06,1.115239243279171966e+01
5.797396000000000000e+06,-1.537925516564228601e-01
5.798332000000000000e+06,-1.623979454972684255e+00
5.799264000000000000e+06,1.502441727057641785e+00
5.800200000000000000e+06,4.274582214555140425e+00
5.801136000000000000e+06,-3.650939297876314438e+00
5.802072000000000000e+06,-6.307910591423739888e+00
5.803004000000000000e+06,-5.343792832118592351e+00
5.803940000000000000e+06,4.284669407490878434e+00
5.804876000000000000e+06,4.638950102023706279e+00
5.805812000000000000e+06,6.354606182643721013e+00
5.806744000000000000e+06,-5.343792832118592351e+00
5.807680000000000000e+06,-3.415557313508299053e+00
5.808616000000000000e+06,-1.175346724212540295e+01
5.809552000000000000e+06,1.065641048171634253e+01
5.810484000000000000e+06,-5.469049219004403994e+00
5.811420000000000000e+06,4.062002776564861861e+00
5.812356000000000000e+06,1.188244228798198066e+01
5.813292000000000000e+06,1.523930193182248427e+00
5.814224000000000000e+06,5.139975649566951965e+00
5.815160000000000000e+06,1.115239243279171966e+01
5.816096000000000000e+06,7.531303379939147113e+00
5.817032000000000000e+06,-5.197047979108174509e+00
5.817964000000000000e+06,5.145019246034820526e+00
5.818900000000000000e+06,1.262389341636111162e+01
5.819836000000000000e+06,-6.808936138966985574e+00
5.820772000000000000e+06,-6.383732295429309644e-01
5.821704000000000000e+06,-1.966858876316643912e+00
5.822640000000000000e+06,5.265232036452762721e+00
5.823576000000000000e+06,9.339326108131498216e+00
5.824512000000000000e+06,9.949163172903816132e+00
5.825444000000000000e+06,9.120388993420220913e+00
5.826380000000000000e+06,8.157585314368203555e+00
5.827316000000000000e+06,-5.109724928003707589e+00
5.828252000000000000e+06,-7.652841107854190028e+00
5.829184000000000000e+06,1.488865067959436672e+01
5.830120000000000000e+06,-5.229937718421649784e+00
5.831056000000000000e+06,-2.952465101746397202e+00
5.831992000000000000e+06,1.079811173825889270e+01
5.832924000000000000e+06,4.769250085377386483e+00
5.833860000000000000e+06,6.333117716519114815e+00
5.834796000000000000e+06,2.722115856602280282e+00
5.835732000000000000e+06,-7.522541124500509824e+00
5.836664000000000000e+06,7.323767538416737111e+00
5.837600000000000000e+06,1.127764881967753041e+01
5.838536000000000000e+06,-9.106583141513713286e+00
5.839472000000000000e+06,8.777509572076262145e+00
5.840404000000000000e+06,-4.260776362648633686e+00
5.841340000000000000e+06,1.151807440051341658e+01
5.842276000000000000e+06,9.949163172903816132e+00
5.843212000000000000e+06,5.139975649566951965e+00
5.844144000000000000e+06,-6.558423365195363175e+00
5.845080000000000000e+06,5.608111457796722377e+00
5.846020000000000000e+06,1.238346783552522545e+01
5.846952000000000000e+06,-1.858047359087569905e+00
5.847884000000000000e+06,6.005369084578762617e+00
5.848820000000000000e+06,-9.014216493941377806e+00
5.849756000000000000e+06,-7.851180825533488061e-01
5.850692000000000000e+06,4.655394971680443028e+00
5.851624000000000000e+06,-6.073842687308854238e+00
5.852560000000000000e+06,1.032997593002912140e+01
5.853496000000000000e+06,6.713930473644418306e+00
5.854432000000000000e+06,1.007946315625749811e+01
5.855364000000000000e+06,2.035042933661231679e+00
5.856300000000000000e+06,3.129460676320059420e+00
5.857236000000000000e+06,-2.932290715874920739e+00
5.858172000000000000e+06,4.170814293793935867e+00
5.859104000000000000e+06,1.912593447394025858e+01
5.860040000000000000e+06,1.408267904648850610e+01
5.860976000000000000e+06,-2.708310004695773543e+00
5.861912000000000000e+06,1.056404383414400705e+01
5.862844000000000000e+06,7.933604603189056803e+00
5.863780000000000000e+06,8.031014847229261733e+00
5.864716000000000000e+06,-6.057397817652117489e+00
5.865652000000000000e+06,1.007441955978962866e+01
5.866584000000000000e+06,-1.134355180618307424e+00
5.867528000000000000e+06,6.697485603987679781e+00
5.868456000000000000e+06,-1.272394267815154834e+01
5.869392000000000000e+06,1.284020237056612856e+01
5.870324000000000000e+06,8.985045413598669484e+00
5.871260000000000000e+06,-6.307910591423739888e+00
5.872196000000000000e+06,1.664317369471667085e+00
5.873132000000000000e+06,-6.667234882424436293e+00
5.874064000000000000e+06,6.234393392225778818e+00
5.875000000000000000e+06,-6.307910591423739888e+00
5.875936000000000000e+06,4.192302759918542066e+00
5.876872000000000000e+06,6.217948522569042069e+00
5.877804000000000000e+06,1.058048870380074469e+01
5.878740000000000000e+06,6.219262602822172248e+00
5.879676000000000000e+06,-5.681628656994683446e+00
5.880612000000000000e+06,8.985045413598669484e+00
5.881544000000000000e+06,-3.547171377115109436e+00
5.882480000000000000e+06,1.116883730244845729e+01
5.883416000000000000e+06,-6.433166978309551531e+00
5.884352000000000000e+06,6.446972830216057382e+00
5.885284000000000000e+06,-5.469049219004403994e+00
5.886220000000000000e+06,2.606946662652207536e+00
5.887156000000000000e+06,7.999439188168918413e+00
5.888092000000000000e+06,-1.749235841858495899e+00
5.889032000000000000e+06,1.309202922459088114e+01
5.889960000000000000e+06,1.079811173825889270e+01
5.890896000000000000e+06,3.686233615907427374e+00
5.891832000000000000e+06,6.343204909454852825e+00
5.892764000000000000e+06,9.954206769371687358e+00
5.893700000000000000e+06,-4.511289136420256085e+00
5.894636000000000000e+06,8.985045413598669484e+00
5.895572000000000000e+06,-2.556521555217486696e+00
5.896504000000000000e+06,1.054759896448726941e+01
5.897440000000000000e+06,1.054759896448726941e+01
5.898376000000000000e+06,1.165846157680283390e+01
5.899312000000000000e+06,5.875069101225082413e+00
5.900244000000000000e+06,-1.138405575818896764e+01
5.901180000000000000e+06,-2.812077925456978544e+00
5.902116000000000000e+06,4.295124505234209078e-01
5.903052000000000000e+06,1.079811173825889270e+01
5.903984000000000000e+06,-6.782404076374509927e+00
5.904920000000000000e+06,-7.626309045261714381e+00
5.905856000000000000e+06,-5.343792832118592351e+00
5.906792000000000000e+06,-8.236146110034034962e+00
5.907724000000000000e+06,6.806297121216754675e+00
5.908660000000000000e+06,1.647269269660757018e+01
5.909596000000000000e+06,-7.746521835679656576e+00
5.910536000000000000e+06,3.342040114310337984e+00
5.911464000000000000e+06,-4.489800670295649887e+00
5.912400000000000000e+06,-2.681777942103297896e+00
5.913336000000000000e+06,-8.110889723148222430e+00
5.914272000000000000e+06,-2.332540844038339500e+00
5.915204000000000000e+06,-5.698073526651420195e+00
5.916140000000000000e+06,4.535182181262500833e+00
5.917076000000000000e+06,5.754856310807140218e+00
5.918012000000000000e+06,-8.110889723148222430e+00
5.918944000000000000e+06,-1.122086603552181217e+01
5.919880000000000000e+06,4.889462875795328678e+00
5.920816000000000000e+06,3.450851631539412434e+00
5.921748000000000000e+06,1.158248225460552394e+00
5.922684000000000000e+06,-6.307910591423739888e+00
5.923620000000000000e+06,7.056809894988377074e+00
5.924556000000000000e+06,3.816533599261108023e+00
5.925492000000000000e+06,1.398673806296437228e+00
5.926424000000000000e+06,-2.701952327974774803e+00
5.927360000000000000e+06,-6.657147689488698283e+00
5.928296000000000000e+06,1.127764881967753041e+01
5.929232000000000000e+06,-1.209766074372249101e+01
5.930164000000000000e+06,7.323767538416737111e+00
5.931100000000000000e+06,-1.117910310961569786e+00
5.932040000000000000e+06,9.672022211519987200e-02
5.932972000000000000e+06,8.027535245846240120e-02
5.933904000000000000e+06,-7.990676932730280235e+00
5.934840000000000000e+06,-2.197197264216789847e+00
5.935776000000000000e+06,4.655394971680443028e+00
5.936712000000000000e+06,-1.075273022729204087e+01
5.937644000000000000e+06,4.414969390844559527e+00
5.938580000000000000e+06,-1.364376942495435152e+01
5.939516000000000000e+06,-1.258224142160899994e+01
5.940452000000000000e+06,4.676883437805050114e+00
5.941384000000000000e+06,-1.601502283774223212e-01
5.942320000000000000e+06,6.229349795757909369e+00
5.943256000000000000e+06,-8.351315303984106819e+00
5.944188000000000000e+06,5.759899907275008779e+00
5.945124000000000000e+06,5.749812714339271658e+00
5.946060000000000000e+06,-8.110889723148222430e+00
5.946996000000000000e+06,6.969486843883910154e+00
5.947932000000000000e+06,-4.636545523306067729e+00
5.948864000000000000e+06,-1.749235841858495899e+00
5.949800000000000000e+06,-2.556521555217486696e+00
5.950736000000000000e+06,-3.927984134240412928e+00
5.951672000000000000e+06,4.795782147969862130e+00
5.952604000000000000e+06,6.593717683226476112e+00
5.953548000000000000e+06,-6.194055477726796433e+00
5.954476000000000000e+06,-7.876821819033336780e+00
5.955412000000000000e+06,5.019762859149009770e+00
5.956344000000000000e+06,-4.870613427420952490e+00
5.957280000000000000e+06,2.008510871068756476e+00
5.958216000000000000e+06,-5.328662042714985780e+00
5.959152000000000000e+06,1.970577535287412196e+00
5.960084000000000000e+06,1.757998097297133633e+00
5.961020000000000000e+06,-6.776046399653510299e+00
5.961956000000000000e+06,-5.714518396308157833e+00
5.962892000000000000e+06,8.652253185190449614e+00
5.963824000000000000e+06,7.683091829417433516e+00
5.964760000000000000e+06,5.041251325273615969e+00
5.965696000000000000e+06,-6.297823398488001878e+00
5.966632000000000000e+06,-6.782404076374509927e+00
5.967564000000000000e+06,-8.840939578338483429e+00
5.968500000000000000e+06,6.595031763479606290e+00
5.969436000000000000e+06,1.635883758291062762e+01
5.970372000000000000e+06,8.184117376960680090e+00
5.971304000000000000e+06,5.858624231568344776e+00
5.972240000000000000e+06,7.061853491456246523e+00
5.973176000000000000e+06,3.467296501196149627e+00
5.974112000000000000e+06,1.539060982585855664e+00
5.975052000000000000e+06,-6.282860366071929548e-01
5.975980000000000000e+06,8.118337898333729541e+00
5.976916000000000000e+06,-1.630337131693683883e+00
5.977852000000000000e+06,-6.896259190071452494e+00
5.978784000000000000e+06,-8.530894789955087987e+00
5.979720000000000000e+06,1.140794880303121062e+01
5.980656000000000000e+06,9.954206769371687358e+00
5.981592000000000000e+06,-3.900137991394807102e+00
5.982524000000000000e+06,-6.156122141945453485e+00
5.983460000000000000e+06,1.611253244286715569e+00
5.984396000000000000e+06,3.930388712958051478e+00
5.985332000000000000e+06,-5.948586300423043483e+00
5.986264000000000000e+06,4.560445131158964993e-01
5.987200000000000000e+06,5.128574376378082889e+00
5.988136000000000000e+06,7.187109878342058167e+00
5.989072000000000000e+06,1.079306814179102325e+01
5.990004000000000000e+06,-9.103744694391602277e-01
5.990940000000000000e+06,7.437622652113680566e+00
5.991876000000000000e+06,-5.464005622536535434e+00
5.992812000000000000e+06,1.020471954314331064e+01
5.993744000000000000e+06,-2.212328053620397306e+00
5.994680000000000000e+06,5.858624231568344776e+00
5.995616000000000000e+06,-7.026559173425133586e+00
5.996556000000000000e+06,6.229349795757909369e+00
5.997484000000000000e+06,9.486070961141916058e+00
5.998420000000000000e+06,-9.154180659070292325e-01
5.999356000000000000e+06,-1.483592278683265597e+00
6.000292000000000000e+06,8.652253185190449614e+00
6.001224000000000000e+06,-5.229937718421649784e+00
6.002160000000000000e+06,4.560445131158964993e-01
6.003096000000000000e+06,8.652253185190449614e+00
6.004032000000000000e+06,-7.158173237031943970e+00
6.004964000000000000e+06,8.281527621000885020e+00
6.005900000000000000e+06,-6.182654204537929132e+00
6.006836000000000000e+06,1.571950721899330494e+00
6.007768000000000000e+06,2.862503032891699384e+00
6.008704000000000000e+06,2.128692381641230469e+01
6.009640000000000000e+06,-3.764794411573257005e+00
6.010576000000000000e+06,-6.678636155613304481e+00
6.011512000000000000e+06,-4.026708458533748036e+00
6.012444000000000000e+06,-1.155843646742913844e+00
6.013380000000000000e+06,3.472340097664018632e+00
6.014316000000000000e+06,-6.776046399653510299e+00
6.015252000000000000e+06,-1.041489440241594977e+01
6.016184000000000000e+06,-1.016438162864432826e+01
6.017120000000000000e+06,-4.995869814306764134e+00
6.018060000000000000e+06,1.316394351659838646e+00
6.018992000000000000e+06,1.225185377191841596e+01
6.019924000000000000e+06,-1.005052651494738569e+01
6.020860000000000000e+06,-5.109724928003707589e+00
6.021796000000000000e+06,-1.003912524175851573e+01
6.022732000000000000e+06,-8.727084464641540862e+00
6.023664000000000000e+06,-8.954794692035427772e+00
6.024600000000000000e+06,-5.698073526651420195e+00
6.025536000000000000e+06,-8.966195965224295961e+00
6.026472000000000000e+06,7.562879038999492209e+00
6.027404000000000000e+06,6.473504892808533029e+00
6.028340000000000000e+06,-1.330089000361039098e+01
6.029276000000000000e+06,-2.212383159973308366e+00
6.030208000000000000e+06,6.097735732151098986e+00
6.031144000000000000e+06,7.557835442531622760e+00
6.033016000000000000e+06,-2.812077925456978544e+00
6.033952000000000000e+06,4.072089969500599871e+00
6.034884000000000000e+06,-5.698073526651420195e+00
6.035820000000000000e+06,-2.217371650088266311e+00
6.036756000000000000e+06,-3.169822743235781726e-01
6.037692000000000000e+06,-2.576695941088963160e+00
6.038624000000000000e+06,1.765443349037086307e+01
6.039568000000000000e+06,9.496158154077654956e+00
6.040496000000000000e+06,8.027535245846240120e-02
6.041432000000000000e+06,-1.112849938794947491e+01
6.042364000000000000e+06,8.886321089305335263e+00
6.043300000000000000e+06,8.103252076487241773e-01
6.044236000000000000e+06,-2.217371650088266311e+00
6.045172000000000000e+06,-8.236146110034034962e+00
6.046104000000000000e+06,9.474669687953049646e+00
6.047040000000000000e+06,-8.949751095567558323e+00
6.047976000000000000e+06,-2.109874213112322483e+00
6.048912000000000000e+06,-1.665633549328773455e+01
6.049844000000000000e+06,-4.321514682736513624e-01
6.050780000000000000e+06,8.483136497829795175e-01
6.051716000000000000e+06,-1.483592278683265597e+00
6.052652000000000000e+06,8.020927654293524611e+00
6.053584000000000000e+06,-5.932141430766305845e+00
6.054520000000000000e+06,6.707572796923418679e+00
6.055456000000000000e+06,5.014719262681140322e+00
6.056392000000000000e+06,-6.210500347383533182e+00
6.057324000000000000e+06,-5.080732461892505381e-01
6.058260000000000000e+06,4.289713003958747883e+00
6.059196000000000000e+06,-2.337584440506208949e+00
6.060132000000000000e+06,-5.453918429600797424e+00
6.061072000000000000e+06,4.082177162436337881e+00
6.062000000000000000e+06,1.898385273586552291e+00
6.062936000000000000e+06,8.744619832762786871e+00
6.063872000000000000e+06,1.888298080650814059e+00
6.064804000000000000e+06,-4.151964845419559680e+00
6.065740000000000000e+06,9.120388993420220913e+00
6.066676000000000000e+06,-3.558572650303977625e+00
6.067612000000000000e+06,6.343204909454852825e+00
6.068544000000000000e+06,-1.678159188017354708e+01
6.069480000000000000e+06,8.985045413598669484e+00
6.070416000000000000e+06,3.674832342718559186e+00
6.071352000000000000e+06,-7.408686010803567257e+00
6.072284000000000000e+06,-1.233079504911642976e+00
6.073220000000000000e+06,-1.004055197264626997e+00
6.074156000000000000e+06,6.383048280172504141e-02
6.075092000000000000e+06,8.031014847229261733e+00
6.076024000000000000e+06,-9.320476659757122917e+00
6.076960000000000000e+06,-3.540813700394110253e+00
6.077896000000000000e+06,-7.800744860854796903e-01
6.078832000000000000e+06,7.907072540596581156e+00
6.079764000000000000e+06,6.593717683226476112e+00
6.080700000000000000e+06,-3.296658603343486593e+00
6.081636000000000000e+06,1.008450675272536934e+01
6.082576000000000000e+06,-4.516332732888125534e+00
6.083504000000000000e+06,-1.358335891797454398e+00
6.084440000000000000e+06,-5.813242720601493829e+00
6.085376000000000000e+06,6.572229217101869025e+00
6.086312000000000000e+06,8.995132606534408382e+00
6.087244000000000000e+06,-2.948735585531658376e+00
6.088180000000000000e+06,-7.146771963843075781e+00
6.089116000000000000e+06,1.018827467348657301e+01
6.090052000000000000e+06,9.011577476191146019e+00
6.090984000000000000e+06,4.404882197908820629e+00
6.091920000000000000e+06,8.976482587531915414e-01
6.092856000000000000e+06,-6.166209334881190607e+00
6.093792000000000000e+06,-1.702374213131603309e-01
6.094724000000000000e+06,1.522616112929118248e+00
6.095660000000000000e+06,-7.876821819033336780e+00
6.096596000000000000e+06,-1.041489440241594977e+01
6.098464000000000000e+06,2.058472010406764952e+01
6.099400000000000000e+06,1.031353106037238376e+01
6.100336000000000000e+06,3.190251664832051137e+00
6.101272000000000000e+06,7.655245686571827690e+00
6.102204000000000000e+06,-1.066036357971970538e+01
6.103140000000000000e+06,7.671690556228566216e+00
6.104080000000000000e+06,6.844230456998098511e+00
6.105012000000000000e+06,7.562879038999492209e+00
6.105944000000000000e+06,-1.041489440241594977e+01
6.106880000000000000e+06,-3.525682910990502794e+00
6.107816000000000000e+06,-3.749663622169649990e+00
6.108752000000000000e+06,1.196976533908645024e+01
6.109684000000000000e+06,-1.112849938794947491e+01
6.110620000000000000e+06,5.275319229388501618e+00
6.111556000000000000e+06,-6.439524655030551159e+00
6.112492000000000000e+06,-9.178775403214574524e+00
6.113424000000000000e+06,2.252665968119380135e+00
6.114360000000000000e+06,-8.727084464641540862e+00
6.115296000000000000e+06,-6.890219187662733891e-01
6.116232000000000000e+06,-3.415557313508299053e+00
6.117164000000000000e+06,-5.078149268943363381e+00
6.118100000000000000e+06,-4.489800670295649887e+00
6.119036000000000000e+06,1.262762293257585000e+01
6.119972000000000000e+06,-1.075273022729204087e+01
6.120904000000000000e+06,2.737246646005887740e+00
6.121840000000000000e+06,-3.149913750333068752e+00
6.122776000000000000e+06,1.528973789650117432e+00
6.123712000000000000e+06,-3.645895701408444989e+00
6.124644000000000000e+06,1.398673806296437228e+00
6.125588000000000000e+06,-5.078149268943363381e+00
6.126516000000000000e+06,-1.172189158306505696e+01
6.127452000000000000e+06,-6.924105332917058320e+00
6.128384000000000000e+06,1.806309239034177594e+01
6.129320000000000000e+06,7.796946943114377859e+00
6.130256000000000000e+06,-1.159663519617924621e+01
6.131192000000000000e+06,-1.112849938794947491e+01
6.132124000000000000e+06,-1.017578290183319645e+01
6.133060000000000000e+06,3.238272193549133426e+00
6.133996000000000000e+06,-4.995869814306764134e+00
6.134932000000000000e+06,-1.125375577483528566e+01
6.135864000000000000e+06,5.534547571561021506e-01
6.136800000000000000e+06,-5.137571070849313415e+00
6.137736000000000000e+06,1.539060982585855664e+00
6.138672000000000000e+06,-9.210351062274918732e+00
6.139604000000000000e+06,2.737246646005887740e+00
6.140540000000000000e+06,-8.470214014148920612e+00
6.141476000000000000e+06,-2.197197264216789847e+00
6.142412000000000000e+06,-2.447710037988412690e+00
6.143344000000000000e+06,4.540225777730371171e+00
6.144280000000000000e+06,-1.087798661417785162e+01
6.145216000000000000e+06,-1.136256729206436056e+01
6.146152000000000000e+06,9.241803213456671884e-01
6.147092000000000000e+06,-1.869448632276438094e+00
6.148020000000000000e+06,-1.071984048797856559e+01
6.148956000000000000e+06,-1.457631152519915396e+01
6.149892000000000000e+06,-1.449403207056255560e+01
6.150824000000000000e+06,-8.328512757606370442e+00
6.151760000000000000e+06,1.299949482003101231e+00
6.152696000000000000e+06,-4.728912170878404098e+00
6.153632000000000000e+06,-4.728912170878404098e+00
6.154564000000000000e+06,3.816533599261108023e+00
6.155500000000000000e+06,4.077133565968469320e+00
6.156436000000000000e+06,-1.314910155413210546e+01
6.157372000000000000e+06,-4.984468541117895946e+00
6.158304000000000000e+06,-8.193770084728648762e-01
6.159240000000000000e+06,-1.089443148383459103e+01
6.160176000000000000e+06,6.135669067932443710e+00
6.161112000000000000e+06,-1.051866232317715699e+01
6.162044000000000000e+06,-1.087294301770998395e+01
6.163916000000000000e+06,-7.110152708314862124e+00
6.164852000000000000e+06,-1.339961432790372697e+01
6.165784000000000000e+06,5.395532019806443813e+00
6.166720000000000000e+06,-5.704431203372419823e+00
6.167656000000000000e+06,-1.305673490655976821e+01
6.168596000000000000e+06,-3.130146599140357111e+01
6.169524000000000000e+06,-2.670376668914429708e+00
6.170460000000000000e+06,-5.932141430766305845e+00
6.171396000000000000e+06,-3.373894461512215948e+00
6.172332000000000000e+06,-9.439375369921934933e+00
6.173264000000000000e+06,-1.091378248369094139e+00
6.174200000000000000e+06,-5.806885043880495090e+00
6.175136000000000000e+06,2.252665968119380135e+00
6.176072000000000000e+06,-3.759750815105388000e+00
6.177004000000000000e+06,-3.525682910990502794e+00
6.177940000000000000e+06,-3.988775122752404201e+00
6.178876000000000000e+06,7.557835442531622760e+00
6.179812000000000000e+06,-1.170544671340831933e+01
6.180744000000000000e+06,3.459189156336925919e-01
6.181680000000000000e+06,-1.352487071478953951e+01
6.182616000000000000e+06,6.951560136986508764e-01
6.183552000000000000e+06,-1.089443148383459103e+01
6.184484000000000000e+06,-7.250539884604280338e+00
6.185420000000000000e+06,-3.024657363447257552e+00
6.186356000000000000e+06,6.901124172307818716e-01
6.187288000000000000e+06,-1.244185424531957906e+01
6.188224000000000000e+06,-3.749663622169649990e+00
6.189160000000000000e+06,5.993967811389894429e+00
6.190100000000000000e+06,-1.799622241325031524e+01
6.191032000000000000e+06,-3.149913750333068752e+00
6.191964000000000000e+06,2.219766090010112380e-01
6.192900000000000000e+06,7.933604603189056803e+00
6.193836000000000000e+06,-9.554544563872008567e+00
6.194772000000000000e+06,4.518737311605764084e+00
6.195704000000000000e+06,-1.232164145490163776e+01
6.196640000000000000e+06,-7.490965465440164728e+00
6.197576000000000000e+06,-8.585383208098990693e+00
6.198512000000000000e+06,-1.144479164034804697e+01
6.199444000000000000e+06,1.566907125431461267e+00
6.200380000000000000e+06,1.065881577888216025e+00
6.201316000000000000e+06,-1.537925516564228601e-01
6.202248000000000000e+06,-1.696171716673544605e+00
6.203184000000000000e+06,-8.346271707516237370e+00
6.204120000000000000e+06,-2.322453651102601491e+00
6.205056000000000000e+06,1.933352542181557965e+01
6.205992000000000000e+06,1.848593834219954957e+01
6.206924000000000000e+06,-9.939680043288885436e-01
6.207860000000000000e+06,-2.817657161417102429e+01
6.208796000000000000e+06,-1.026069051697605339e+01
6.209732000000000000e+06,-1.112476987173473653e+01
6.210664000000000000e+06,-4.723868574410534649e+00
6.211604000000000000e+06,2.399410821129797977e+00
6.212536000000000000e+06,-6.776046399653510299e+00
6.213472000000000000e+06,1.784530159889609280e+00
6.214404000000000000e+06,3.701364405311035277e+00
6.215340000000000000e+06,-7.250539884604280338e+00
6.216276000000000000e+06,-8.498060156994524661e+00
6.217212000000000000e+06,-1.305673490655976821e+01
6.218144000000000000e+06,-2.332540844038339500e+00
6.219080000000000000e+06,-1.015298035545545829e+01
6.220016000000000000e+06,-2.332540844038339500e+00
6.220952000000000000e+06,6.130625471464574261e+00
6.221884000000000000e+06,-1.483592278683265597e+00
6.222820000000000000e+06,-3.776195684762125637e+00
6.223756000000000000e+06,-4.260776362648633686e+00
6.224692000000000000e+06,-1.136256729206436056e+01
6.225624000000000000e+06,-1.134612242240762292e+01
6.226560000000000000e+06,-7.240452691668542329e+00
6.227496000000000000e+06,2.978983869166103582e-01
6.228432000000000000e+06,-2.114413206140525148e+01
6.229364000000000000e+06,9.262090249962769306e+00
6.230300000000000000e+06,-8.618272947412467744e+00
6.231236000000000000e+06,-6.886171997135714484e+00
6.232172000000000000e+06,-2.932290715874920739e+00
6.233108000000000000e+06,-8.704281918263804485e+00
6.234040000000000000e+06,-5.109724928003707589e+00
6.234976000000000000e+06,-1.038331874335560556e+01
6.235912000000000000e+06,3.211740130956657779e+00
6.236844000000000000e+06,-1.184714796995086772e+01
6.237780000000000000e+06,-1.053510719283389285e+01
6.238716000000000000e+06,-2.361642516616090859e+01
6.239652000000000000e+06,5.771301180463877856e+00
6.240584000000000000e+06,-1.400945139267604667e+01
6.241520000000000000e+06,3.307881262300851333e-01
6.242456000000000000e+06,-1.049213026058467868e+01
6.243392000000000000e+06,5.145019246034820526e+00
6.244324000000000000e+06,-4.244331492991896049e+00
6.245260000000000000e+06,-1.159663519617924621e+01
6.246196000000000000e+06,3.930388712958051478e+00
6.247132000000000000e+06,9.672022211519987200e-02
6.248064000000000000e+06,-8.351315303984106819e+00
6.249000000000000000e+06,2.008510871068756476e+00
6.249936000000000000e+06,-4.702380108285929339e+00
6.250872000000000000e+06,-5.000913410774633583e+00
6.251804000000000000e+06,-4.598612187524723005e+00
6.252740000000000000e+06,-1.358335891797454398e+00
6.253676000000000000e+06,4.915994938387805213e+00
6.254612000000000000e+06,-3.296658603343486593e+00
6.255544000000000000e+06,-1.184714796995086772e+01
6.256480000000000000e+06,1.408760999232175237e+00
6.257416000000000000e+06,-4.952892882057551738e+00
6.258352000000000000e+06,-6.813979735434855023e+00
6.259284000000000000e+06,-9.439375369921934933e+00
6.260220000000000000e+06,-8.361402496919845717e+00
6.261156000000000000e+06,-4.260776362648633686e+00
6.262092000000000000e+06,1.534017386117986437e+00
6.263024000000000000e+06,-3.296658603343486593e+00
6.263960000000000000e+06,3.307881262300851333e-01
6.264896000000000000e+06,8.260039154876277934e+00
6.265828000000000000e+06,-1.575958926255602410e+00
6.266764000000000000e+06,-1.487321794898004867e+00
6.267700000000000000e+06,9.486070961141916058e+00
6.268636000000000000e+06,1.175082822437517116e+01
6.269572000000000000e+06,2.112278791829961033e+00
6.270504000000000000e+06,1.301610744667528330e+01
6.271440000000000000e+06,1.731466034704657764e+00
6.272376000000000000e+06,6.863303487161096506e+00
6.273312000000000000e+06,3.796359213389631115e+00
6.274244000000000000e+06,3.742032310500474779e+01
6.275180000000000000e+06,9.799155602757990380e+01
6.276116000000000000e+06,1.271022375378405798e+02
6.277052000000000000e+06,1.137500747866787236e+02
6.277984000000000000e+06,7.502343366570590888e+01
6.278920000000000000e+06,7.307602260509378311e+01
6.279856000000000000e+06,3.943829711068111976e+01
6.280792000000000000e+06,3.265532408233138995e+01
6.281724000000000000e+06,4.929841181844386000e+01
6.282660000000000000e+06,7.062921531357503113e+01
6.283596000000000000e+06,4.750803782745555282e+01
6.284532000000000000e+06,1.744071175440833787e+00
6.285464000000000000e+06,-5.105606454555440621e+01
6.286400000000000000e+06,-1.213037802364561060e+02
6.287336000000000000e+06,-1.536738110726070659e+02
6.288272000000000000e+06,-1.530032381256756651e+02
6.289204000000000000e+06,-1.196159702986817024e+02
6.290140000000000000e+06,-1.048289258194786697e+02
6.291076000000000000e+06,-7.012200056474650012e+01
6.292012000000000000e+06,-6.134994592292158444e+01
6.292944000000000000e+06,-2.266765092080402511e+01
6.293880000000000000e+06,-8.346271707516237370e+00
6.294816000000000000e+06,-6.307910591423739888e+00
6.295752000000000000e+06,5.418334566184179302e+00
6.296684000000000000e+06,1.047299126682480264e+01
6.297620000000000000e+06,-8.938349822378690135e+00
6.298556000000000000e+06,-1.060729945453475409e+01
6.299492000000000000e+06,-5.562729946829871430e+00
6.300424000000000000e+06,7.318723941948868550e+00
6.301360000000000000e+06,1.955240743017394323e+01
6.302296000000000000e+06,4.761054677431653914e+01
6.303232000000000000e+06,7.928599054874406704e+01
6.304164000000000000e+06,6.017954043875027281e+01
6.305100000000000000e+06,3.600818881698839391e+01
6.306036000000000000e+06,1.789244363524514014e+01
6.306972000000000000e+06,2.074345456048617198e+00
6.307904000000000000e+06,2.237535178715772233e+00
6.308840000000000000e+06,-4.781976296063355392e+00
6.309776000000000000e+06,1.989018814869712415e+01
6.310712000000000000e+06,2.710210467559505432e+01
6.311644000000000000e+06,2.245484790102512207e+01
6.312580000000000000e+06,2.140981987368941830e+01
6.313516000000000000e+06,3.450138265814391758e+01
6.314452000000000000e+06,3.310070474966934739e+01
6.315384000000000000e+06,2.397705268017076818e+01
6.316320000000000000e+06,4.379337825948334029e+01
6.317256000000000000e+06,4.838993123847701838e+01
6.318192000000000000e+06,4.918823111460874742e+01
6.319124000000000000e+06,3.782125514164861357e+01
6.320060000000000000e+06,-2.352921232776227001e+01
6.320996000000000000e+06,-8.642846404439717389e+01
6.321932000000000000e+06,-1.030917261663811217e+02
6.322864000000000000e+06,-9.089098752382244584e+01
6.323800000000000000e+06,-7.366722294603638943e+01
6.324736000000000000e+06,-6.195736755173229682e+01
6.325672000000000000e+06,-5.805024782528835914e+01
6.326604000000000000e+06,-5.606626491463394757e+01
6.327540000000000000e+06,-3.711034428021822862e+01
6.328476000000000000e+06,-1.377408921960452393e+00
6.329412000000000000e+06,-1.608848665569077019e+00
6.330344000000000000e+06,2.197026722313861313e+01
6.331280000000000000e+06,3.002230409635609831e+01
6.332216000000000000e+06,3.258827792893723085e+01
6.333152000000000000e+06,4.288994127598436279e+01
6.334084000000000000e+06,5.130508706277019115e+01
6.335020000000000000e+06,4.748281984511621090e+01
6.335956000000000000e+06,4.640227391796076972e+01
6.336892000000000000e+06,3.154955247196961210e+01
6.337824000000000000e+06,3.289695353071458328e+01
6.338760000000000000e+06,2.217538762869941493e+01
6.339696000000000000e+06,4.331751558792653611e+01
6.340632000000000000e+06,3.221760747110057110e+01
6.341564000000000000e+06,3.550211967297727256e+01
6.342500000000000000e+06,2.323428747153850793e+01
6.343436000000000000e+06,1.213931273847460446e+01
6.344372000000000000e+06,-6.979852724961181032e+00
6.345304000000000000e+06,-4.124391526015582343e+01
6.346240000000000000e+06,-4.979456224495495320e+01
6.347176000000000000e+06,-6.817096249975847400e+01
6.348112000000000000e+06,-1.066951113756767455e+02
6.349044000000000000e+06,-1.061245217269388945e+02
6.349980000000000000e+06,-7.674052489652885356e+01
6.350916000000000000e+06,-7.298892313577793800e+01
6.351848000000000000e+06,-3.888306183313549980e+01
6.352784000000000000e+06,-3.812379664849358818e+01
6.353720000000000000e+06,-1.950198232273922372e+01
6.354656000000000000e+06,-2.322453651102601491e+00
6.355592000000000000e+06,-1.158019032652250857e+01
6.356524000000000000e+06,5.728324248214664571e+00
6.357460000000000000e+06,9.281163280125767301e+00
6.358396000000000000e+06,-9.688574063440427153e+00
6.359332000000000000e+06,2.742853922728227545e+01
6.360264000000000000e+06,1.273028949762857565e+01
6.361200000000000000e+06,2.688585082774294932e+01
6.362136000000000000e+06,2.322677333275611744e+01
6.363072000000000000e+06,2.873180689171664071e+01
6.364004000000000000e+06,3.585004269078910255e+01
6.364940000000000000e+06,7.484541825122285275e+00
6.365876000000000000e+06,3.249728573090912676e+00
6.366812000000000000e+06,1.216584480106707744e+01
6.367744000000000000e+06,1.856722421590468963e+00
6.368680000000000000e+06,-1.416123984215433396e+01
6.369616000000000000e+06,7.170665008685320529e+00
6.370552000000000000e+06,7.155534219281713071e+00
6.371484000000000000e+06,1.429152896826404628e+01
6.372420000000000000e+06,2.827880187289047953e+01
6.373356000000000000e+06,1.861613581371440418e+01
6.374292000000000000e+06,2.831300569245708232e+01
6.375224000000000000e+06,2.114280712390814543e+01
6.376160000000000000e+06,3.278888796189648680e+00
6.377096000000000000e+06,2.242523668830730621e+00
6.378032000000000000e+06,-2.720352312399152694e+01
6.378964000000000000e+06,-5.012472631285690738e+01
6.379900000000000000e+06,-5.328913593702149143e+01
6.380836000000000000e+06,-6.760278828698223208e+01
6.381772000000000000e+06,-6.110579082587095456e+01
6.382704000000000000e+06,-5.759088512974120277e+01
6.383640000000000000e+06,-2.905079326821835650e+01
6.384576000000000000e+06,-2.065209235108926222e+01
6.385512000000000000e+06,-1.556454591113516450e+01
6.386444000000000000e+06,-1.100082756510205328e+01
6.387380000000000000e+06,-6.908974543513450861e+00
6.388316000000000000e+06,-2.230087003530265122e+00
6.389252000000000000e+06,2.035042933661231679e+00
6.390184000000000000e+06,4.699685984182786491e+00
6.391120000000000000e+06,1.029262322360001702e+00
6.392056000000000000e+06,1.184077943598589755e+01
6.392992000000000000e+06,1.433450590051325690e+01
6.393924000000000000e+06,6.573543297354999204e+00
6.394860000000000000e+06,1.575162867864456828e+01
6.395796000000000000e+06,9.770787554480143910e+00
6.396732000000000000e+06,-7.550387267346115650e+00
6.397664000000000000e+06,-1.331360535705239023e+01
6.398600000000000000e+06,-2.775761279671972659e+01
6.399536000000000000e+06,-1.762681092931388349e+01
6.400472000000000000e+06,-1.543069186942127358e+00
6.401404000000000000e+06,-8.994042108069901786e+00
6.402340000000000000e+06,3.353441387499207060e+00
6.403276000000000000e+06,-1.112849938794947491e+01
6.404212000000000000e+06,8.597149229718472618e-01
6.405144000000000000e+06,1.760262833908613445e+01
6.406080000000000000e+06,1.595785043991384811e+01
6.407016000000000000e+06,9.755656765076535564e+00
6.407952000000000000e+06,1.404101619449242300e+01
6.408884000000000000e+06,1.248219215981856323e+01
6.409820000000000000e+06,2.076835204350384601e+01
6.410756000000000000e+06,2.259786323782080686e+01
6.411692000000000000e+06,1.166108973730909426e+01
6.412624000000000000e+06,2.257506069144306338e+01
6.413560000000000000e+06,1.752807574777657607e+01
6.414496000000000000e+06,2.726534950461511997e+01
6.415432000000000000e+06,2.969965416723652751e+01
6.416364000000000000e+06,2.090873921979326155e+01
6.417300000000000000e+06,1.287440619013273491e+01
6.418236000000000000e+06,1.198489612849005681e+01
6.419172000000000000e+06,-8.938349822378690135e+00
6.420104000000000000e+06,-9.104846821449825711e-01
6.421040000000000000e+06,-2.098992817596535332e+01
6.421976000000000000e+06,-3.294388356096715853e+01
6.422912000000000000e+06,-3.603374059382218064e+01
6.423844000000000000e+06,-4.908337269538303360e+01
6.424780000000000000e+06,-4.301657770672018444e+01
6.425716000000000000e+06,-2.173137930434448251e+01
6.426652000000000000e+06,-1.097166734200331817e+01
6.427584000000000000e+06,-1.591619844516173465e+01
6.428520000000000000e+06,-2.677993319535648009e+00
6.429456000000000000e+06,-3.013753925390305355e+01
6.430392000000000000e+06,-9.404070194646850567e+00
6.431324000000000000e+06,-1.436000257099413702e+01
6.432260000000000000e+06,2.737246646005887740e+00
6.433196000000000000e+06,2.390637708447189702e+00
6.434132000000000000e+06,-1.100151361051702192e+00
6.435064000000000000e+06,1.372141743703961136e+00
6.436000000000000000e+06,1.313127664062535516e+01
6.436936000000000000e+06,1.141430647975220936e+01
6.437872000000000000e+06,-2.360386986883945326e+00
6.438804000000000000e+06,2.980210800774460367e+01
6.439740000000000000e+06,2.088850972756887359e+01
6.440676000000000000e+06,2.499292048440773328e+01
6.441612000000000000e+06,1.266949850911658437e+01
6.442544000000000000e+06,1.449270713306545488e+01
6.443480000000000000e+06,7.309950829266260719e+00
6.444416000000000000e+06,3.624225672110327423e+01
6.445352000000000000e+06,1.858828967086879658e+01
6.446284000000000000e+06,-2.992233244137110226e-01
6.447220000000000000e+06,1.890589600352049970e+01
6.448156000000000000e+06,1.895528571884362634e+01
6.449088000000000000e+06,5.655030630805325309e+00
6.450024000000000000e+06,8.763692862925783089e+00
6.450960000000000000e+06,-1.034407132732113155e+01
6.451896000000000000e+06,-2.080519488082067880e+01
6.452832000000000000e+06,-2.532462221435144656e+01
6.453764000000000000e+06,-2.264484837442628518e+01
6.454700000000000000e+06,-3.447748961330167106e+01
6.455636000000000000e+06,-4.002177058829666123e+01
6.456572000000000000e+06,-2.971506364478167228e+01
6.457504000000000000e+06,-3.328676298231112440e+01
6.458440000000000000e+06,-7.687100033773706542e+00
6.459376000000000000e+06,-1.665129189681986688e+01
6.460308000000000000e+06,-3.003508541339498095e+01
6.461244000000000000e+06,-1.276455928079206181e+01
6.462180000000000000e+06,-1.029226617603639937e+01
6.463116000000000000e+06,2.236221098462642498e+00
6.464052000000000000e+06,-1.418409749488498406e+01
6.464984000000000000e+06,-6.793805349563378115e+00
6.465920000000000000e+06,3.190251664832051137e+00
6.466856000000000000e+06,1.203817297821965937e+01
6.467792000000000000e+06,2.304955417639383697e+01
6.468724000000000000e+06,3.600051706001426055e+01
6.469660000000000000e+06,1.598569658275945216e+01
6.470596000000000000e+06,1.586679787259463836e+01
6.471532000000000000e+06,1.853889995554567349e+01
6.472464000000000000e+06,6.181329267040827524e+00
6.473400000000000000e+06,2.687182139404781722e+01
6.474336000000000000e+06,1.850863837673845680e+01
6.475272000000000000e+06,3.018050532890829629e+01
6.476204000000000000e+06,3.231490750243496279e+01
6.477140000000000000e+06,1.258097159046481117e+01
6.478076000000000000e+06,1.647663493736695983e+01
6.479012000000000000e+06,-1.000754958269817152e+01
6.479944000000000000e+06,-9.948072674439309537e+00
6.480880000000000000e+06,-3.082592625709723322e+01
6.481816000000000000e+06,-2.662153220206481308e+01
6.482752000000000000e+06,-4.199676766172382258e+01
6.483684000000000000e+06,-3.479378186570024667e+01
6.484620000000000000e+06,-4.782445114980392731e+01
6.485556000000000000e+06,-2.974926746434827507e+01
6.486488000000000000e+06,-4.066822690859719813e+01
6.487424000000000000e+06,-3.273267330958292121e+01
6.488360000000000000e+06,-8.321053725176891902e+00
6.489296000000000000e+06,4.711753025195040134e-01
6.490232000000000000e+06,-1.522539600600594767e+01
6.491164000000000000e+06,-9.887336792280230213e+00
6.492100000000000000e+06,-2.556521555217486696e+00
6.493036000000000000e+06,-1.099951348484892577e+01
6.493972000000000000e+06,-9.348322802602728743e+00
6.494904000000000000e+06,-4.929424567856430794e-01
6.495840000000000000e+06,7.781816153710769512e+00
6.496776000000000000e+06,7.781816153710769512e+00
6.497712000000000000e+06,1.141430647975220936e+01
6.498644000000000000e+06,-2.523965949285567945e+01
6.499580000000000000e+06,-8.743529334298278499e+00
6.500516000000000000e+06,-1.089947508030245871e+01
6.501452000000000000e+06,-3.415557313508299053e+00
6.502384000000000000e+06,4.406196278161950808e+00
6.503320000000000000e+06,-1.391225631110929228e+00
6.504256000000000000e+06,-9.762090544190211716e-01
6.505192000000000000e+06,-5.480450492193272183e+00
6.506124000000000000e+06,2.090790325705354391e+00
6.507060000000000000e+06,1.184576792610085683e+01
6.507996000000000000e+06,8.385295541762090465e+00
6.508932000000000000e+06,4.433291596738979656e-01
6.509864000000000000e+06,-1.387410781285449701e+01
6.510800000000000000e+06,-5.704431203372419823e+00
6.511736000000000000e+06,-7.270103609005287293e-01
6.512672000000000000e+06,-1.487747298819411945e+01
6.513604000000000000e+06,-2.340011621195589697e+01
6.514540000000000000e+06,-1.414610905275072561e+01
6.515476000000000000e+06,5.041251325273615969e+00
6.516412000000000000e+06,6.217948522569042069e+00
6.517344000000000000e+06,1.247583448309756271e+01
6.518280000000000000e+06,5.891513970881820050e+00
6.519216000000000000e+06,1.405031483017435745e+00
6.520152000000000000e+06,8.985045413598669484e+00
6.521084000000000000e+06,1.310847409424762056e+01
6.522020000000000000e+06,2.808272241090984878e+01
6.522956000000000000e+06,3.846529602598754138e+01
6.523892000000000000e+06,1.606797603739605051e+01
6.524824000000000000e+06,-4.847810881043216114e+00
6.525760000000000000e+06,-6.073842687308854238e+00
6.526696000000000000e+06,6.925195831381566691e+00
6.527632000000000000e+06,-8.496385872800795713e-01
6.528564000000000000e+06,-2.323767731355731669e+00
6.529500000000000000e+06,-7.174618106688681607e+00
6.530436000000000000e+06,1.725053251630747742e+00
6.531372000000000000e+06,-3.891745360244383001e-01
6.532304000000000000e+06,-2.194001650157537142e+01
6.533240000000000000e+06,-2.263849069770528644e+01
6.534176000000000000e+06,-1.162710949953111061e+01
6.535112000000000000e+06,-1.801902495962805162e+01
6.536044000000000000e+06,-7.970502546858803328e+00
6.536980000000000000e+06,2.760049192383624561e+00
6.537916000000000000e+06,-1.156374545686577093e+01
6.538852000000000000e+06,-7.568146217255982577e+00
6.539784000000000000e+06,-3.714145722349915246e+00
6.540720000000000000e+06,8.609276252941235441e+00
6.541656000000000000e+06,7.028277706727801277e-01
6.542592000000000000e+06,6.283728001195990842e+00
6.543524000000000000e+06,-8.573103442542089336e-01
6.544460000000000000e+06,-8.263992252879639011e+00
6.545396000000000000e+06,-5.976432443268647532e+00
6.546328000000000000e+06,1.545418659306854847e+00
6.547264000000000000e+06,3.088563713533876154e-02
6.548200000000000000e+06,-1.566058696856933352e+01
6.549136000000000000e+06,-2.388288236082462213e+00
6.550072000000000000e+06,-1.427772311635753688e+01
6.551004000000000000e+06,1.160539745161788439e+01
6.551940000000000000e+06,4.416283471097688818e+00
6.552876000000000000e+06,-2.746243340477117378e+00
6.553812000000000000e+06,9.966922122813686613e+00
6.554744000000000000e+06,1.220509221710155323e+01
6.555680000000000000e+06,1.659273773003797858e+00
6.556616000000000000e+06,-5.736006862432764031e+00
6.557552000000000000e+06,2.083281744187766549e+01
6.558484000000000000e+06,2.245206935689901151e+00
6.559420000000000000e+06,1.399987886549566518e+00
6.560356000000000000e+06,-4.842767284575346665e+00
6.561292000000000000e+06,-2.121275486301190671e+00
6.562224000000000000e+06,-1.164602491150236929e+01
6.563160000000000000e+06,-4.930090335679815361e+00
6.564096000000000000e+06,1.113726164338811309e+01
6.565032000000000000e+06,2.206893644107903896e+01
6.565964000000000000e+06,-1.118556086024672780e+01
6.566900000000000000e+06,-3.981554882702738496e+01
6.567836000000000000e+06,-4.519905551531683585e+01
6.568772000000000000e+06,-2.979597391281222230e+01
6.569704000000000000e+06,-1.725104176865644590e+01
6.570640000000000000e+06,3.358317226979541936e-01
6.571576000000000000e+06,-8.573103442542089336e-01
6.572512000000000000e+06,-1.369737164986322586e+00
6.573444000000000000e+06,2.486733872234265341e+00
6.574380000000000000e+06,-5.458962026068665097e+00
6.575316000000000000e+06,-2.268020339311608957e+00
6.576252000000000000e+06,5.258874359731763093e+00
6.577184000000000000e+06,8.735846720080179040e+00
6.578120000000000000e+06,2.649226761082273640e+01
6.579056000000000000e+06,2.093658536263886560e+01
6.579992000000000000e+06,1.492416857941410058e+01
6.580924000000000000e+06,1.129167825337266073e+01
6.581860000000000000e+06,1.826054103892844793e+01
6.582796000000000000e+06,5.261502520238023450e+00
6.583732000000000000e+06,1.117388089891632674e+01
6.584664000000000000e+06,-8.754930607487146688e+00
6.585600000000000000e+06,-2.196281904795310780e+01
6.586536000000000000e+06,-6.440838735283680450e+00
6.587472000000000000e+06,2.018022231295346636e-01
6.588404000000000000e+06,1.277967921295169873e+01
6.589340000000000000e+06,2.279021318358669390e+01
6.590276000000000000e+06,2.329370927344445974e+01
6.591212000000000000e+06,5.401889696527442553e+00
6.592144000000000000e+06,-9.974659843384696245e+00
6.593080000000000000e+06,-3.259984241462360988e+00
6.594016000000000000e+06,1.120304112201506186e+01
6.594952000000000000e+06,6.887407926959407400e-02
6.595884000000000000e+06,8.025971250761392284e+00
6.596820000000000000e+06,-4.733955767346273547e+00
6.597756000000000000e+06,-2.906592405762196307e+01
6.598692000000000000e+06,-4.001490476194403456e+00
6.599624000000000000e+06,-3.373894461512215948e+00
6.600560000000000000e+06,-1.256338111599065321e+01
6.601496000000000000e+06,-2.036737575775103437e+01
6.602432000000000000e+06,-5.639965804998599452e+00
6.603364000000000000e+06,-1.427136543963653637e+01
6.604300000000000000e+06,-5.028814659973150469e+00
6.605236000000000000e+06,-1.558099078079190392e+01
6.606172000000000000e+06,-2.040157957731764071e+01
6.607104000000000000e+06,-1.783566085108942190e+01
6.608040000000000000e+06,-2.374935331002085448e+01
6.608976000000000000e+06,-4.139060500681333821e+01
6.609908000000000000e+06,-1.000886366295130259e+01
6.610844000000000000e+06,4.894506472263198127e+00
6.611780000000000000e+06,2.341303099476977678e+00
6.612716000000000000e+06,2.369149242322582616e+00
6.613652000000000000e+06,2.862503032891699384e+00
6.614584000000000000e+06,-2.963866374935265391e+00
6.615520000000000000e+06,1.313127664062535516e+01
6.616456000000000000e+06,1.260744854670437576e+01
6.617392000000000000e+06,3.636778655435599639e-01
6.618324000000000000e+06,-1.765334299190635647e+01
6.619260000000000000e+06,-7.773053898272132223e+00
6.620196000000000000e+06,2.232491582247903228e+00
6.621132000000000000e+06,7.934918683442186982e+00
6.622064000000000000e+06,-6.908974543513450861e+00
6.623000000000000000e+06,2.004881428764047069e-01
6.623936000000000000e+06,1.465589685573261036e+01
6.624872000000000000e+06,-7.636296164287422750e-01
6.625804000000000000e+06,-2.492001050490755709e+00
6.626740000000000000e+06,-1.653743678312292076e+01
6.627676000000000000e+06,-2.194637417829637371e+01
6.628612000000000000e+06,-2.857738124565362803e+00
6.629544000000000000e+06,-7.860376949376600031e+00
6.630480000000000000e+06,-3.525682910990502794e+00
6.631416000000000000e+06,1.639099387132321395e+00
6.632352000000000000e+06,1.716107969980174985e+01
6.633284000000000000e+06,1.861109221724653295e+01
6.634220000000000000e+06,1.357156630600952241e+01
6.635156000000000000e+06,-2.419863895142806864e+00
6.636092000000000000e+06,-2.304079192095520057e+01
6.637024000000000000e+06,-6.282692609084394419e+00
6.637960000000000000e+06,-7.320539573683975121e-01
6.638896000000000000e+06,-1.471801278174170236e+01
6.639832000000000000e+06,-1.753948787820941391e+01
6.640764000000000000e+06,9.672022211519987200e-02
6.641700000000000000e+06,-1.749235841858495899e+00
6.642636000000000000e+06,1.980160612369243722e+01
6.643572000000000000e+06,7.903343024381842774e+00
6.644504000000000000e+06,1.141430647975220936e+01
6.645440000000000000e+06,-6.706482298458910307e+00
6.646376000000000000e+06,-1.558976389347451175e+01
6.647312000000000000e+06,-2.302434705129846293e+01
6.648244000000000000e+06,-2.509932742291917407e+01
6.649180000000000000e+06,4.566757840322846818e+00
6.650116000000000000e+06,-5.949900380676173661e+00
6.651052000000000000e+06,-3.308059876532354782e+00
6.651984000000000000e+06,-1.846646085898701717e+00
6.652920000000000000e+06,2.617033855587945546e+00
6.653856000000000000e+06,-3.123381687740593549e+00
6.654792000000000000e+06,-7.137998851160466174e+00
6.655724000000000000e+06,-1.369737164986322586e+00
6.656660000000000000e+06,-6.040952947995378963e+00
6.657596000000000000e+06,-1.074132895410317090e+01
6.658532000000000000e+06,2.357579770627642546e+01
6.659464000000000000e+06,1.011366697582410445e+01
6.660400000000000000e+06,1.706871305222941260e+01
6.661336000000000000e+06,2.298371959141397269e+01
6.662272000000000000e+06,9.545547869400778040e+00
6.663204000000000000e+06,-1.537925516564228601e-01
6.664140000000000000e+06,2.509536418612001718e+00
6.665076000000000000e+06,3.102928613727584217e+00
6.666012000000000000e+06,3.364842660688074805e+00
6.666944000000000000e+06,7.547748249595883863e+00
6.667880000000000000e+06,4.355492482585697545e+00
6.668816000000000000e+06,-1.342110279402833406e+01
6.669752000000000000e+06,-2.447710037988412690e+00
6.670684000000000000e+06,-3.281527813939879579e+00
6.671620000000000000e+06,2.241264694930511503e+00
6.672556000000000000e+06,-8.724411336578161702e-01
6.673492000000000000e+06,3.326909324906730969e+00
6.674424000000000000e+06,1.500513395379756965e+01
6.675360000000000000e+06,2.084421871506652835e+01
6.676296000000000000e+06,2.537504732178616962e+01
6.677232000000000000e+06,3.435720842135804531e+00
6.678164000000000000e+06,4.545269374198239731e+00
6.679100000000000000e+06,-1.908055296297340675e+01
6.680036000000000000e+06,-1.775206731619969247e+01
6.680972000000000000e+06,2.150212127611305313e+00
6.681904000000000000e+06,-1.087798661417785162e+01
6.682840000000000000e+06,-5.045259529629888107e+00
6.683776000000000000e+06,-1.025433284025505465e+01
6.684712000000000000e+06,-1.884779913911165039e+01
6.685644000000000000e+06,-2.183756266106729527e+01
6.686580000000000000e+06,-7.034230930399262505e+00
6.687516000000000000e+06,4.049287423122863494e+00
6.688452000000000000e+06,1.826740866136260522e-01
6.689384000000000000e+06,-2.680489631060344990e+01
6.690320000000000000e+06,-8.596784481287860658e+00
6.691256000000000000e+06,5.995281891643023719e+00
6.692192000000000000e+06,-7.021515576957264138e+00
6.693124000000000000e+06,4.180901486729673877e+00
6.694060000000000000e+06,-1.796969035065783871e+01
6.694996000000000000e+06,2.709400503160281914e+00
6.695932000000000000e+06,-3.868562332334462006e+00
6.696864000000000000e+06,-8.236146110034034962e+00
6.697800000000000000e+06,-8.034967945232622810e+00
6.698736000000000000e+06,9.153278732733696188e+00
6.699672000000000000e+06,1.959176262098544230e+00
6.700604000000000000e+06,-9.081365159174367818e+00
6.701540000000000000e+06,7.046722702052639065e+00
6.702476000000000000e+06,-2.588097214277831348e+00
6.703412000000000000e+06,1.374557179665570228e+00
6.704344000000000000e+06,-1.244185424531957906e+01
6.705280000000000000e+06,1.058048870380074469e+01
6.706216000000000000e+06,3.829248952703106390e+00
6.707152000000000000e+06,8.647209588722581941e+00
6.708084000000000000e+06,1.176354357781717042e+01
6.709020000000000000e+06,9.080040221677268875e+00
6.709956000000000000e+06,1.585671067965890302e+01
6.710892000000000000e+06,2.575586007891147489e+01
6.711824000000000000e+06,8.909178742035981813e+00
6.712760000000000000e+06,-7.392241141146828731e+00
6.713696000000000000e+06,-1.114121474139147239e+01
6.714632000000000000e+06,-1.050857513024141632e+01
6.715564000000000000e+06,-6.280064448578133174e+00
6.716500000000000000e+06,-6.598616956675373846e-01
6.717436000000000000e+06,2.493980125286987715e+01
6.718368000000000000e+06,-7.732492401984528030e+00
6.719304000000000000e+06,3.740666927698419464e+00
6.720240000000000000e+06,8.434630150732301601e+00
6.721176000000000000e+06,-2.036233216128316670e+01
6.722112000000000000e+06,-2.381271735268618883e+01
6.723044000000000000e+06,-3.105363648449111835e+01
6.723980000000000000e+06,-2.108602433975242718e+01
6.724916000000000000e+06,-1.266583495649872759e+01
6.725852000000000000e+06,2.617033855587945546e+00
6.726784000000000000e+06,1.008450675272536934e+01
6.727720000000000000e+06,1.158248225460552394e+00
6.728656000000000000e+06,-2.494622489318775749e+01
6.729592000000000000e+06,-1.007332906132512029e+01
6.730524000000000000e+06,-1.592403795912339604e+00
6.731460000000000000e+06,-2.701952327974774803e+00
6.732396000000000000e+06,1.666945529977926777e+00
6.733332000000000000e+06,9.971965719281556062e+00
6.734264000000000000e+06,8.614319849409106666e+00
6.735200000000000000e+06,9.252003057027032185e+00
6.736136000000000000e+06,-1.122086603552181217e+01
6.737072000000000000e+06,-1.019222777148993409e+01
6.738004000000000000e+06,5.319662910314955084e-01
6.738940000000000000e+06,-1.012271877664824515e+01
6.739876000000000000e+06,-1.159421976021763534e+01
6.740812000000000000e+06,-2.496398384309762264e+01
6.741744000000000000e+06,-2.232214333895380776e+01
6.742680000000000000e+06,-8.102116610465612823e+00
6.743616000000000000e+06,-1.417395519559633321e+01
6.744552000000000000e+06,1.223167938604694172e+01
6.745484000000000000e+06,1.649045164651743534e+01
6.746420000000000000e+06,1.196472174261857901e+01
6.747356000000000000e+06,6.688712491305073726e+00
6.748292000000000000e+06,7.950049472845793552e+00
6.749224000000000000e+06,7.514858510282410364e+00
6.750160000000000000e+06,-3.993818719220273206e+00
6.751096000000000000e+06,-1.870762712529568050e+00
6.752032000000000000e+06,-9.462177916299671310e+00
6.753900000000000000e+06,9.077354516889296621e-01
6.754836000000000000e+06,-7.026559173425133586e+00
6.755772000000000000e+06,1.498101732716670220e+01
6.756704000000000000e+06,6.006683164831893684e+00
6.757640000000000000e+06,-2.113603729327061753e+00
6.758576000000000000e+06,3.525906593163513492e+01
6.759512000000000000e+06,2.119214173287835834e+01
6.760444000000000000e+06,1.633866319703915337e+01
6.761380000000000000e+06,-2.080713990013586923e+00
6.762316000000000000e+06,9.987096508685160856e+00
6.763252000000000000e+06,2.631063289283074091e+00
6.764184000000000000e+06,9.950585027933971372e-01
6.765120000000000000e+06,-3.828168593034391720e-01
6.766056000000000000e+06,7.917159733532319166e+00
6.766992000000000000e+06,2.951140164249296483e+00
6.767924000000000000e+06,8.773780055861521987e+00
6.768860000000000000e+06,1.671816187391132402e+01
6.769796000000000000e+06,-5.981476039736517869e+00
6.770732000000000000e+06,-2.698222811760035533e+00
6.771664000000000000e+06,-1.569484589448884648e+01
6.772600000000000000e+06,-1.389186676276436572e+01
6.773536000000000000e+06,-7.154443720817204699e+00
6.774472000000000000e+06,1.647872499814929670e+00
6.775404000000000000e+06,-7.848975676187730954e+00
6.776340000000000000e+06,-7.490965465440164728e+00
6.777276000000000000e+06,-1.735419132708019285e+00
6.778212000000000000e+06,-7.309961686510231260e+00
6.779144000000000000e+06,9.954206769371687358e+00
6.780080000000000000e+06,7.295921395571132173e+00
6.781016000000000000e+06,1.408399312674163362e+01
6.781952000000000000e+06,3.966227112099460772e-01
6.782884000000000000e+06,3.817847679514238202e+00
6.783820000000000000e+06,1.070201557447181706e+01
6.784756000000000000e+06,-8.493016560526655212e+00
6.785692000000000000e+06,-1.268096574590233416e+01
6.786624000000000000e+06,-1.054015078930176230e+01
6.787560000000000000e+06,2.722115856602280282e+00
6.788496000000000000e+06,1.772021296899781362e+01
6.789432000000000000e+06,-1.191802615139859789e+01
6.790364000000000000e+06,-6.129534973000065889e+00
6.791300000000000000e+06,-5.190690302387174881e+00
6.792236000000000000e+06,-3.095480438542075774e+00
6.793172000000000000e+06,-2.794318975547111172e+00
6.794104000000000000e+06,-1.248210294315250213e+00
6.795040000000000000e+06,1.079942581851202377e+01
6.795976000000000000e+06,5.151376922755819265e+00
6.796912000000000000e+06,6.225620279543170099e+00
6.797844000000000000e+06,1.113594756313498202e+01
6.798780000000000000e+06,-2.276848558347128293e+00
6.799716000000000000e+06,1.198809721748155921e+00
6.800652000000000000e+06,1.303765101915280056e+01
6.801584000000000000e+06,2.089733794660439514e+01
6.802520000000000000e+06,-1.159663519617924621e+01
6.803460000000000000e+06,-1.841123898994222330e+01
6.804388000000000000e+06,-8.083043580302616604e+00
6.805324000000000000e+06,7.219999617655532553e+00
6.806260000000000000e+06,1.659273773003797858e+00
6.807196000000000000e+06,-1.603005355885867900e+01
6.808132000000000000e+06,-7.886909011969075678e+00
6.809064000000000000e+06,9.176081279111432565e+00
6.810000000000000000e+06,5.319662910314955084e-01
6.810936000000000000e+06,-1.821428103559356027e+00
6.811872000000000000e+06,1.038572332207324500e+01
6.812804000000000000e+06,2.814482504174617095e+00
6.813740000000000000e+06,3.598433995611932668e-02
6.814676000000000000e+06,-9.030716469951027392e+00
6.815612000000000000e+06,-5.798111931197886371e+00
6.816544000000000000e+06,-2.556241963468107414e+01
6.817480000000000000e+06,-1.120069164965033437e+01
6.819352000000000000e+06,-4.440410954972525914e+00
6.820284000000000000e+06,-1.274742356907726082e+00
6.821220000000000000e+06,1.072350404059642415e+01
6.822156000000000000e+06,2.122365984765699487e+00
6.823092000000000000e+06,4.503606522202157514e+00
6.824024000000000000e+06,1.894382933930184265e+01
6.824968000000000000e+06,2.133762761198856239e+01
6.825896000000000000e+06,9.226785074687684940e+00
6.826832000000000000e+06,7.859052011879500199e+00
6.827764000000000000e+06,7.451652085808809112e+00
6.828700000000000000e+06,-1.958026443026352226e+01
6.829636000000000000e+06,7.748926414397296014e+00
6.830572000000000000e+06,1.936263053856140104e+01
6.831504000000000000e+06,2.153633523447545173e+01
6.832440000000000000e+06,1.285160364375499675e+01
6.833376000000000000e+06,-1.593395739507160158e+01
6.834312000000000000e+06,-4.048196924658354234e+00
6.835244000000000000e+06,-6.106787532975241461e+00
6.836180000000000000e+06,-5.722190153282287639e+00
6.837116000000000000e+06,-7.126597577971599762e+00
6.838052000000000000e+06,-2.115180381837938128e+01
6.838984000000000000e+06,-2.197290624088884670e+01
6.839920000000000000e+06,-1.800389417022444505e+01
6.840856000000000000e+06,-1.423978978057619216e+01
6.841792000000000000e+06,-2.152757297903681533e+01
6.842724000000000000e+06,-1.478379226036865290e+01
6.843660000000000000e+06,1.284151645081925963e+01
6.844596000000000000e+06,1.429525848447878467e+01
6.845532000000000000e+06,4.609789878924970274e+00
6.846472000000000000e+06,-9.522968904811662583e+00
6.847400000000000000e+06,-2.583573495483043558e+01
6.848336000000000000e+06,-1.760637115047364309e+00
6.849272000000000000e+06,1.890589600352049970e+01
6.850204000000000000e+06,1.695990153500033770e+01
6.851140000000000000e+06,1.449775072953332433e+01
6.852076000000000000e+06,1.178766020444803786e+01
6.853012000000000000e+06,1.183946535573276826e+01
6.853944000000000000e+06,2.357747969133714427e+00
6.854880000000000000e+06,9.954206769371687358e+00
6.855816000000000000e+06,6.587360006505477372e+00
6.856752000000000000e+06,4.049287423122863494e+00
6.857684000000000000e+06,-4.321512244807713898e+00
6.858620000000000000e+06,-2.757699720018897516e+00
6.859556000000000000e+06,1.595785043991384811e+01
6.860492000000000000e+06,6.931553508102565431e+00
6.861424000000000000e+06,8.985045413598669484e+00
6.862360000000000000e+06,3.071352954667238677e+00
6.863296000000000000e+06,3.379973450091682263e+00
6.864232000000000000e+06,-1.756996218156128009e+01
6.865164000000000000e+06,-4.618786573396199913e+00
6.866100000000000000e+06,-1.925196024320560584e+00
6.867036000000000000e+06,-1.669821106982847070e+01
6.867976000000000000e+06,-2.438199292117090877e+01
6.868904000000000000e+06,-2.652322293917572793e-01
6.869840000000000000e+06,-7.708588499898311852e+00
6.870776000000000000e+06,1.212791146528573449e+01
6.871712000000000000e+06,7.652830250610220375e+00
6.872644000000000000e+06,9.861840121799350101e+00
6.873580000000000000e+06,5.467724281507304163e+00
6.874516000000000000e+06,-2.461591992287593955e-01
6.875452000000000000e+06,6.354606182643721013e+00
6.876384000000000000e+06,4.704729580650655940e+00
6.877320000000000000e+06,-7.377110351743222161e+00
6.878256000000000000e+06,-2.412002376785751068e+01
6.879192000000000000e+06,1.117388089891632674e+01
6.880124000000000000e+06,1.279775096131624323e+00
6.881060000000000000e+06,5.467724281507304163e+00
6.881996000000000000e+06,-2.538762605307619324e+00
6.882932000000000000e+06,2.722115856602280282e+00
6.884800000000000000e+06,9.246959460559160959e+00
6.885736000000000000e+06,-8.291437020869296681e-02
6.886672000000000000e+06,8.648523668975711232e+00
6.887604000000000000e+06,6.970800924137040333e+00
6.888540000000000000e+06,4.727587233381302489e+00
6.889480000000000000e+06,-9.549500967404139118e+00
6.890408000000000000e+06,-1.220274274473682574e+01
6.891344000000000000e+06,-1.633121502185364093e+01
6.892280000000000000e+06,2.498227518466169528e-01
6.893216000000000000e+06,1.632741710411322433e+00
6.894152000000000000e+06,-4.804833948794003717e+00
6.895084000000000000e+06,-1.359649972050585021e+00
6.896020000000000000e+06,-1.101464427425253234e+01
6.896956000000000000e+06,-6.073842687308854238e+00
6.897892000000000000e+06,3.625497733748346718e+00
6.898824000000000000e+06,1.069192838153607639e+01
6.899760000000000000e+06,-2.681777942103297896e+00
6.900696000000000000e+06,-2.398846481060360958e+01
6.901632000000000000e+06,-1.023153029387732005e+01
6.902564000000000000e+06,4.433291596738979656e-01
6.903500000000000000e+06,1.659273773003797858e+00
6.904436000000000000e+06,1.026046693518743247e+01
6.905372000000000000e+06,3.041961682949105139e+01
6.906304000000000000e+06,1.539603390385860848e+01
6.907240000000000000e+06,2.776494062040362198e+00
6.908176000000000000e+06,-7.778097494740001672e+00
6.909112000000000000e+06,1.154965005957376079e+01
6.910044000000000000e+06,7.455381602023547494e+00
6.910988000000000000e+06,1.910071649160090956e+01
6.911916000000000000e+06,2.724517511874364217e+01
6.912852000000000000e+06,8.356292936855094666e+00
6.913784000000000000e+06,-1.543287674117544483e+01
6.914720000000000000e+06,1.346535578965437630e-01
6.915656000000000000e+06,6.431842040812450811e+00
6.916592000000000000e+06,9.324195318727891646e+00
6.917524000000000000e+06,7.056809894988377074e+00
6.918460000000000000e+06,2.697049061198824305e+01
6.919396000000000000e+06,9.558263222842777296e+00
6.920332000000000000e+06,-1.999748615630118742e+00
6.921264000000000000e+06,-1.954364517473530682e+01
6.922200000000000000e+06,-1.629459576632542905e+01
6.923136000000000000e+06,-1.158019032652250857e+01
6.924072000000000000e+06,1.496457245750996456e+01
6.925004000000000000e+06,-7.310016792863141433e+00
6.925940000000000000e+06,-2.516269146558451197e+01
6.926876000000000000e+06,-1.319980534970835784e+01
6.927812000000000000e+06,-9.590062463691744199e+00
6.928744000000000000e+06,-1.842768385959896094e+01
6.929680000000000000e+06,-7.827487210063124756e+00
6.930616000000000000e+06,5.052652598462484157e+00
6.931552000000000000e+06,1.376901495459619262e+01
6.932492000000000000e+06,2.721727386954512440e+01
6.933420000000000000e+06,2.114280712390814543e+01
6.934356000000000000e+06,8.229777576069064793e+00
6.935292000000000000e+06,4.862875706849941970e+00
6.936224000000000000e+06,3.419275972479067782e+00
6.937160000000000000e+06,-1.138915446100974727e+01
6.938096000000000000e+06,-1.367292964805308841e+01
6.939032000000000000e+06,3.266157154634656479e+01
6.939964000000000000e+06,1.363361626842173102e+01
6.940900000000000000e+06,1.044761566629371607e+01
6.941836000000000000e+06,9.052649093744089548e-01
6.942772000000000000e+06,2.277245423367682520e+01
6.943704000000000000e+06,3.614096460559478530e+00
6.944640000000000000e+06,1.038035435042610199e+00
6.945576000000000000e+06,-1.098175453493905707e+01
6.946512000000000000e+06,-1.636914835763498743e+01
6.947444000000000000e+06,-1.071984048797856559e+01
6.948380000000000000e+06,4.433884802815816428e+00
6.949316000000000000e+06,-7.426500067066344357e+00
6.950252000000000000e+06,-2.565100165968576107e+01
6.951184000000000000e+06,-8.862428044463090515e+00
6.952120000000000000e+06,9.264718410469029664e+00
6.953056000000000000e+06,-4.298709698429977522e+00
6.953996000000000000e+06,-8.570252418695384122e+00
6.954924000000000000e+06,-2.632667330943793971e+01
6.955860000000000000e+06,-2.640763868382140700e+01
6.956796000000000000e+06,-1.152114130528175018e+00
6.957732000000000000e+06,1.100191806356656343e+01
6.958664000000000000e+06,2.127704934802121528e+01
6.959600000000000000e+06,2.958579905353958495e+01
6.960536000000000000e+06,1.234553449974388428e+01
6.961472000000000000e+06,7.164307331964320902e+00
6.962404000000000000e+06,-5.836045266979230206e+00
6.963340000000000000e+06,2.334945422755978495e+00
6.964276000000000000e+06,1.994462146048811491e+01
6.965212000000000000e+06,1.771779753303620453e+01
6.966144000000000000e+06,1.703582331291593732e+01
6.967080000000000000e+06,4.507336038416895008e+00
6.968016000000000000e+06,-7.116510385035860864e+00
6.968952000000000000e+06,-1.666532133051499542e+01
6.969884000000000000e+06,-2.390114175949913999e+01
6.970820000000000000e+06,-1.423343210385519519e+01
6.971756000000000000e+06,-2.111891407906590246e+01
6.972692000000000000e+06,-6.065069574626246407e+00
6.973624000000000000e+06,-5.938499107487305473e+00
6.974560000000000000e+06,-7.256897561325279078e+00
6.975500000000000000e+06,-1.436000257099413702e+01
6.976432000000000000e+06,8.697470095546744329e-01
6.977364000000000000e+06,1.294155485536572492e+01
6.978300000000000000e+06,7.673004636481695506e+00
6.979236000000000000e+06,-4.244797112995222221e-01
6.980172000000000000e+06,2.320770030259312477e+01
6.981104000000000000e+06,1.465216733951787020e+01
6.982040000000000000e+06,1.382339316003427498e+01
6.982976000000000000e+06,1.252012549559990795e+01
6.983912000000000000e+06,3.674832342718559186e+00
6.984844000000000000e+06,1.790888850490187778e+01
6.985780000000000000e+06,3.362694827955193233e+01
6.986716000000000000e+06,-1.156133002090416184e+01
6.987652000000000000e+06,-1.850366074386747073e+01
6.988584000000000000e+06,1.055768615742300653e+01
6.989520000000000000e+06,8.156326340467984437e+00
6.990456000000000000e+06,1.183573583951802988e+01
6.991392000000000000e+06,1.310847409424762056e+01
6.992324000000000000e+06,-2.028641038336756708e+01
6.993260000000000000e+06,-1.000886366295130259e+01
6.994196000000000000e+06,-1.234444400127937591e+01
6.995132000000000000e+06,-4.151964845419559680e+00
6.996064000000000000e+06,1.817957566454497709e+01
6.997008000000000000e+06,2.861028002104557189e+01
6.997936000000000000e+06,2.148064294878423652e+01
6.998872000000000000e+06,2.369149242322582616e+00
6.999804000000000000e+06,1.740239147387266039e+00
7.000740000000000000e+06,4.111337385535073885e+00
7.001676000000000000e+06,1.222027811285807175e+01
7.002612000000000000e+06,-6.307910591423739888e+00
7.003544000000000000e+06,2.433500778456542690e+01
7.004480000000000000e+06,1.912220495772551487e+01
7.005416000000000000e+06,-1.145493393963669781e+01
7.006352000000000000e+06,-7.414125752608480280e-02
7.007284000000000000e+06,5.000847447177751093e+00
7.008220000000000000e+06,2.115925199356488662e+01
7.009156000000000000e+06,1.355643551660591406e+01
7.010092000000000000e+06,-1.006324186838938317e+01
7.011024000000000000e+06,-2.880905360712934282e+01
7.011960000000000000e+06,-1.453333459294993979e+01
7.012896000000000000e+06,-3.438359859886035430e+00
7.013832000000000000e+06,1.912856263444651361e+01
7.014764000000000000e+06,-1.062505840444461924e+01
7.015700000000000000e+06,-3.327031811265437966e+01
7.016636000000000000e+06,-2.664675018440416565e+01
7.017572000000000000e+06,-1.983976304126240464e+01
7.018512000000000000e+06,-1.942847598078523674e+01
7.019440000000000000e+06,-1.233172864783737666e+01
7.020376000000000000e+06,-2.246707331041529754e-01
7.021312000000000000e+06,1.243790114731622154e+01
7.022244000000000000e+06,2.177040313859033560e+01
7.023180000000000000e+06,7.934918683442186982e+00
7.024116000000000000e+06,-3.187847086114412587e+00
7.025052000000000000e+06,-6.965360575486627681e-01
7.025984000000000000e+06,-3.258725267562142758e+00
7.026920000000000000e+06,9.749299088355536824e+00
7.027856000000000000e+06,3.921615600275442759e+00
7.028792000000000000e+06,-1.372095017677016848e+01
7.029724000000000000e+06,-8.743584440651190448e+00
7.030660000000000000e+06,-9.457134319831801861e+00
7.031596000000000000e+06,3.796359213389631115e+00
7.032532000000000000e+06,1.363608681073625206e+01
7.033464000000000000e+06,6.987245793793777082e+00
7.034400000000000000e+06,-1.325791307136117858e+01
7.035336000000000000e+06,-1.427903719661066795e+01
7.036272000000000000e+06,-1.853786456343407707e+01
7.037204000000000000e+06,-2.896347021711389047e+01
7.038140000000000000e+06,-1.758514807731780039e+01
7.039076000000000000e+06,-2.177808575280843684e+01
7.040016000000000000e+06,-2.004467072227855340e+01
7.040944000000000000e+06,2.051783926973222094e+01
7.041880000000000000e+06,3.497582103674177745e+01
7.042816000000000000e+06,2.752726355157561144e+01
7.043752000000000000e+06,1.512403266396238166e+01
7.044684000000000000e+06,2.135407248164529648e+01
7.045620000000000000e+06,1.310847409424762056e+01
7.046556000000000000e+06,1.138073839589075931e+00
7.047492000000000000e+06,1.811379618591802654e+01
7.048424000000000000e+06,2.851922745372636214e+01
7.049360000000000000e+06,-8.475257610616788284e+00
7.050296000000000000e+06,1.087534759642762161e+01
7.051232000000000000e+06,-7.283484730270666674e+00
7.052164000000000000e+06,-2.520566839783372615e+01
7.053100000000000000e+06,-2.830934213983922376e+01
7.054036000000000000e+06,-2.549044009752486772e+01
7.054972000000000000e+06,-6.139622165935804787e+00
7.055904000000000000e+06,9.597455532524339361e+00
7.056840000000000000e+06,1.394097778994595771e+01
7.057776000000000000e+06,-5.972702927053910038e+00
7.058712000000000000e+06,-1.119224391214699965e+00
7.059644000000000000e+06,-2.705540908437507142e+01
7.060580000000000000e+06,2.054437133232469748e+01
7.061520000000000000e+06,3.468348779278232996e+01
7.062448000000000000e+06,1.845426017130037977e+01
7.063384000000000000e+06,8.099422486362472640e+00
7.064320000000000000e+06,1.525564672756919293e+01
7.065256000000000000e+06,1.517205319267946351e+01
7.066192000000000000e+06,-2.280803809709344065e+01
7.067124000000000000e+06,-2.111891407906590246e+01
7.068060000000000000e+06,-1.457762560545228325e+01
7.068996000000000000e+06,1.877727894344062287e-01
7.069932000000000000e+06,1.360740470515092726e+00
7.070864000000000000e+06,1.237338064258948833e+01
7.071800000000000000e+06,-5.633553021924688764e+00
7.072736000000000000e+06,-1.895661065634072173e+01
7.073668000000000000e+06,-1.695749695628270004e+01
7.074604000000000000e+06,8.457432697110037978e+00
7.075540000000000000e+06,1.082595788110449675e+01
7.076476000000000000e+06,4.263180941366272236e+00
7.077412000000000000e+06,1.808646786520475613e+00
7.078344000000000000e+06,1.552507491331207135e+01
7.079280000000000000e+06,2.778917759853610292e+01
7.080216000000000000e+06,3.510223388568897462e+01
7.081152000000000000e+06,-3.296976277655765397e-01
7.082084000000000000e+06,-2.926710222242337167e+01
7.083028000000000000e+06,-1.994227198812339097e+01
7.083956000000000000e+06,-4.860526234485215369e+00
7.084892000000000000e+06,-1.278977726313140728e+01
7.085824000000000000e+06,-1.268096574590233416e+01
7.086760000000000000e+06,8.494107058991163584e+00
7.087696000000000000e+06,-5.622151748735821464e+00
7.088632000000000000e+06,4.979414087406057732e+00
7.089564000000000000e+06,1.845289098469433497e+01
7.090500000000000000e+06,-1.605285610523641182e+01
7.091436000000000000e+06,-1.281389388976227472e+01
7.092372000000000000e+06,-1.401712314965017647e+01
7.093304000000000000e+06,-8.336184514580498472e+00
7.094240000000000000e+06,-1.510013961912013514e+01
7.095176000000000000e+06,1.647872499814929670e+00
7.096112000000000000e+06,-6.172567011602190234e+00
7.097044000000000000e+06,2.755005595915755556e+00
7.097980000000000000e+06,1.863126660311801075e+01
7.098916000000000000e+06,-4.765531426406617754e+00
7.099852000000000000e+06,-2.371788260072813515e+00
7.100784000000000000e+06,6.980888117072778343e+00
7.101720000000000000e+06,4.493519329266417728e+00
7.102656000000000000e+06,1.924241774814345973e+01
7.103592000000000000e+06,2.009903807047266255e+01
7.104532000000000000e+06,2.039126880259327734e+01
7.105460000000000000e+06,7.359285438236473631e+00
7.106396000000000000e+06,-1.892251178654174693e+00
7.107332000000000000e+06,-1.429214073245184347e+00
7.108264000000000000e+06,-3.044505839361902133e+01
7.109200000000000000e+06,-5.303221038017596101e+01
7.110136000000000000e+06,-1.615793810625074656e+01
7.111072000000000000e+06,-1.225081837980681776e+01
7.112004000000000000e+06,-6.704066862497302992e+00
7.112940000000000000e+06,-3.339053090307232452e+01
7.113876000000000000e+06,-3.298318608335453916e+01
7.114812000000000000e+06,-2.183383314485255866e+01
7.115744000000000000e+06,-5.811928640348363651e+00
7.116680000000000000e+06,1.335525735180450368e+01
7.117616000000000000e+06,3.383322514717412588e+01
7.118552000000000000e+06,2.839024155062581301e+01
7.119484000000000000e+06,1.669935667464588747e+01
7.120420000000000000e+06,9.656932440783201343e+00
7.121356000000000000e+06,3.720437435474031940e+00
7.122292000000000000e+06,1.594644916672497814e+01
7.123224000000000000e+06,-8.160224332118435342e+00
7.124160000000000000e+06,2.292802730572276459e+01
7.125096000000000000e+06,2.092649816970313381e+01
7.126036000000000000e+06,1.981978808476280385e+00
7.126964000000000000e+06,-4.630242952937980050e+00
7.127900000000000000e+06,-7.923740992041940601e+00
7.128836000000000000e+06,-5.197103085461086458e+00
7.129772000000000000e+06,-8.876402371805307112e+00
7.130704000000000000e+06,2.575371003591862440e+00
7.131640000000000000e+06,3.193868530412168338e-01
7.132576000000000000e+06,-1.658172779562526600e+01
7.133512000000000000e+06,-1.263924778755334088e+01
7.134444000000000000e+06,-1.536073958582749732e+01
7.135380000000000000e+06,1.997109597879888065e+00
7.136316000000000000e+06,4.317559146804353709e+00
7.137248000000000000e+06,-5.388083844620935814e+00
7.138184000000000000e+06,-8.496746076741395370e+00
7.139120000000000000e+06,-1.159663519617924621e+01
7.140056000000000000e+06,3.870966911052101000e+00
7.140992000000000000e+06,7.942590440416315900e+00
7.141924000000000000e+06,1.979020485050356726e+01
7.142860000000000000e+06,8.233507092283801398e+00
7.143796000000000000e+06,-1.008084320010751078e+01
7.144732000000000000e+06,-2.908174089244054628e+00
7.145664000000000000e+06,1.112586037019924312e+01
7.146600000000000000e+06,1.977507406109996069e+01
7.147540000000000000e+06,3.196609341553049877e+00
7.148472000000000000e+06,-4.011577669130140578e+00
7.149404000000000000e+06,1.061337844311421819e+01
7.150340000000000000e+06,-2.198189207811610402e+01
7.151276000000000000e+06,-1.692592129722235583e+01
7.152212000000000000e+06,-1.380832833422755002e+01
7.153144000000000000e+06,-1.367928732477408715e+01
7.154080000000000000e+06,-1.032515591534987465e+01
7.155016000000000000e+06,-3.868562332334462006e+00
7.155952000000000000e+06,1.658413237434290366e+01
7.156884000000000000e+06,2.477792561045584918e+01
7.157820000000000000e+06,1.271253054771870872e+01
7.158756000000000000e+06,2.513089222473554685e+01
7.159688000000000000e+06,1.042365665785458795e+01
7.160624000000000000e+06,-1.787169177639839956e+00
7.161560000000000000e+06,-1.024797516353405591e+01
7.162496000000000000e+06,-2.589011316026851262e+01
7.163432000000000000e+06,-1.357426043011266259e+01
7.164364000000000000e+06,-4.067269954821352229e+00
7.165300000000000000e+06,7.137775269371845255e+00
7.166236000000000000e+06,-1.106509037772701598e+00
7.167172000000000000e+06,1.399162647916929814e+01
7.168104000000000000e+06,1.055794384952477794e+00
7.169044000000000000e+06,-1.691320594378035480e+01
7.169976000000000000e+06,-1.155118772161551277e+01
7.170912000000000000e+06,-2.664675018440416565e+01
7.171844000000000000e+06,-1.472191005494397631e+00
7.172780000000000000e+06,-2.932290715874920739e+00
7.173716000000000000e+06,-2.424029166462835860e+01
7.174652000000000000e+06,-5.346420992624853596e+00
7.175584000000000000e+06,-1.105899039310778598e+01
7.176520000000000000e+06,-1.243681064885171139e+01
7.177456000000000000e+06,9.370901767191842424e+00
7.178392000000000000e+06,-1.431938596835362176e+01
7.179324000000000000e+06,1.150162953085667894e+01
7.180260000000000000e+06,1.465216733951787020e+01
7.181196000000000000e+06,2.190574671841188348e+01
7.182132000000000000e+06,-1.297544903285462681e+00
7.183064000000000000e+06,-1.183070310029413186e+01
7.184000000000000000e+06,-6.478772071065023397e+00
7.184936000000000000e+06,1.744075269667210648e+01
7.185872000000000000e+06,4.208769915909324055e+01
7.186804000000000000e+06,1.937145875759692260e+01
7.187740000000000000e+06,6.812654797937754303e+00
7.188676000000000000e+06,-6.941206215870536766e-01
7.189612000000000000e+06,-8.375431930614974263e+00
7.190548000000000000e+06,-1.971450665437659211e+01
7.191480000000000000e+06,-4.037978079904423367e+01
7.192416000000000000e+06,-4.816990362530123093e+01
7.193352000000000000e+06,-1.199021841309945913e+01
7.194284000000000000e+06,1.886984000397683880e+00
7.195220000000000000e+06,-1.378174116528216153e+01
7.196156000000000000e+06,-7.800900041117738049e+00
7.197092000000000000e+06,9.845395252142612463e+00
7.198024000000000000e+06,-1.203919281812907194e+00
7.198960000000000000e+06,-1.572006387682819373e+01
7.199896000000000000e+06,-2.486525951880428664e+01
7.200832000000000000e+06,2.148898047358175134e+00
7.201764000000000000e+06,4.531452665047762451e+00
7.202700000000000000e+06,1.961818690880089378e+01
7.203636000000000000e+06,8.607962172688106151e+00
7.204572000000000000e+06,5.842179361911608027e+00
7.205504000000000000e+06,1.133838470183661151e+01
7.206440000000000000e+06,1.298957538408280854e+01
7.207376000000000000e+06,-1.207112868113001625e+01
7.208312000000000000e+06,-2.754503335872944803e+01
7.209244000000000000e+06,-1.099951348484892577e+01
7.210180000000000000e+06,-4.675848045693452804e+00
7.211116000000000000e+06,4.328960419993221898e+00
7.212052000000000000e+06,-5.121126201192575778e+00
7.212984000000000000e+06,7.569236715720490949e+00
7.213920000000000000e+06,-5.948586300423043483e+00
7.214856000000000000e+06,-1.534240967906608688e+00
7.215792000000000000e+06,3.005518369687377955e+00
7.216724000000000000e+06,4.589560386700583194e+00
7.217660000000000000e+06,-8.145093542714826995e+00
7.218596000000000000e+06,-2.436922246137599757e+01
7.219532000000000000e+06,-4.416349434694571308e+00
7.220464000000000000e+06,-1.860675519593830485e+00
7.221400000000000000e+06,-2.306995214405393213e+01
7.222336000000000000e+06,-4.512603216673386264e+00
7.223268000000000000e+06,3.702678485564165012e+00
7.224204000000000000e+06,-2.075670393545717474e+00
7.225140000000000000e+06,4.431414260501297164e+00
7.226076000000000000e+06,-7.942601297660287329e+00
7.227012000000000000e+06,1.321355609526195529e+01
7.227944000000000000e+06,2.537126269921851929e+01
7.228880000000000000e+06,1.997378168358685002e+01
7.229816000000000000e+06,-5.948586300423043483e+00
7.230752000000000000e+06,6.679726654077812853e+00
7.231684000000000000e+06,-4.260776362648633686e+00
7.232620000000000000e+06,4.426370664033427715e+00
7.233556000000000000e+06,-1.107823118025831555e+00
7.234492000000000000e+06,-4.300023778683107700e+00
7.235424000000000000e+06,-3.480077818235029596e+00
7.236360000000000000e+06,2.192597621063627500e+01
7.237296000000000000e+06,1.622612216359533832e+01
7.238232000000000000e+06,3.065368473360593526e+01
7.239164000000000000e+06,-1.535397429967998217e+00
7.240100000000000000e+06,-1.396531799836544607e+01
7.241036000000000000e+06,-1.069330842538609083e+01
7.241972000000000000e+06,-3.385295734701084136e+00
7.242904000000000000e+06,-1.731177765081552522e+01
7.243840000000000000e+06,3.581151614893092194e+00
7.244776000000000000e+06,-1.489391785785085531e+01
7.245712000000000000e+06,-1.153342877170564407e+01
7.246644000000000000e+06,-1.151062622532790769e+01
7.247580000000000000e+06,-1.092732122314806453e+01
7.248516000000000000e+06,1.899563449058657483e+01
7.249452000000000000e+06,-9.974604737031784296e+00
7.250384000000000000e+06,8.856059510498120346e+00
7.251320000000000000e+06,2.007119192762705495e+01
7.252256000000000000e+06,7.437622652113680566e+00
7.253192000000000000e+06,8.282841701254014311e+00
7.254124000000000000e+06,1.208997812950438977e+01
7.255060000000000000e+06,1.524293137412719368e+01
7.255996000000000000e+06,-6.630615626896222636e+00
7.256932000000000000e+06,-1.557967670053877463e+01
7.257864000000000000e+06,-4.005758092133067105e-01
7.258800000000000000e+06,-1.149928005849194967e+01
7.259736000000000000e+06,6.730375343301155056e+00
7.260672000000000000e+06,8.985045413598669484e+00
7.261604000000000000e+06,5.858624231568344776e+00
7.262540000000000000e+06,-4.761801910191879372e+00
7.263476000000000000e+06,-1.520390753988133881e+01
7.264412000000000000e+06,-1.026946362965866300e+01
7.265344000000000000e+06,-4.265875065469414196e+00
7.266280000000000000e+06,3.200338857767789591e+00
7.267216000000000000e+06,3.815219519007977844e+00
7.268152000000000000e+06,-7.131586068086557262e+00
7.269084000000000000e+06,1.309202922459088114e+01
7.270020000000000000e+06,-7.719989773087180041e+00
7.270956000000000000e+06,-3.085393245606337320e+00
7.271892000000000000e+06,2.498135145423133530e+00
7.272824000000000000e+06,3.277574715936518501e+00
7.273760000000000000e+06,-2.185795991027921659e+00
7.274696000000000000e+06,-1.099951348484892577e+01
7.275632000000000000e+06,-1.095653655259970982e+01
7.276564000000000000e+06,-2.773743841084825235e+01
7.277500000000000000e+06,-1.953042167166166854e+00
7.278436000000000000e+06,-1.657405603865113619e+01
7.279372000000000000e+06,7.065572868875191759e-01
7.280304000000000000e+06,8.897722362494203452e+00
7.281240000000000000e+06,-3.540813700394110253e+00
7.282176000000000000e+06,1.408530720699476646e+01
7.283112000000000000e+06,2.547245756582637810e+01
7.284044000000000000e+06,-1.422801290171273880e+00
7.284980000000000000e+06,1.196181561241896452e+00
7.285916000000000000e+06,-1.120069164965033437e+01
7.286852000000000000e+06,-2.174146649728022140e+01
7.287784000000000000e+06,-7.137998851160466174e+00
7.288720000000000000e+06,-1.042498159535168867e+01
7.289656000000000000e+06,7.307322668759999473e+00
7.290592000000000000e+06,1.031484514062551483e+01
7.291524000000000000e+06,1.062352074240286726e+01
7.292460000000000000e+06,4.444129613943295531e+00
7.293396000000000000e+06,-1.465853587348284215e+01
7.294332000000000000e+06,4.889462875795328678e+00
7.295264000000000000e+06,1.764355774018132816e+00
7.296200000000000000e+06,4.203704033107410254e+00
7.297136000000000000e+06,6.059802396369755151e+00
7.298072000000000000e+06,4.049287423122863494e+00
7.299004000000000000e+06,-2.565741444275966643e+01
7.299940000000000000e+06,-4.064038076575159408e+01
7.300876000000000000e+06,-2.144161911453838698e+01
7.301812000000000000e+06,-2.508924022998343517e+01
7.302744000000000000e+06,-4.947849285589682289e+00
7.303680000000000000e+06,-4.474669880892042428e+00
7.304616000000000000e+06,-1.946684490445167448e+00
7.305552000000000000e+06,-2.822165118392716998e+00
7.306484000000000000e+06,1.080951301144775911e+01
7.307420000000000000e+06,-3.944429003897150121e+00
7.308356000000000000e+06,-6.654519528982438814e+00
7.309292000000000000e+06,2.369149242322582616e+00
7.310224000000000000e+06,-1.286143630096594270e+00
7.311160000000000000e+06,-2.823479198645846733e+00
7.312096000000000000e+06,-1.947408107354070594e+01
7.313032000000000000e+06,-1.301507205456368510e+01
7.313964000000000000e+06,-9.453404803617063479e+00
7.314900000000000000e+06,-4.097586639981477319e+00
7.315836000000000000e+06,-4.392390426255444069e+00
7.316772000000000000e+06,-5.246382588078386533e+00
7.317704000000000000e+06,3.948147662867917962e+00
7.318640000000000000e+06,-2.355694825790205016e+01
7.319576000000000000e+06,3.450851631539412434e+00
7.320512000000000000e+06,3.467296501196149627e+00
7.321444000000000000e+06,5.263917956199632542e+00
7.322380000000000000e+06,3.271161932862608701e+00
7.323316000000000000e+06,-1.089443148383459103e+01
7.324252000000000000e+06,-1.717660182798150803e+00
7.325184000000000000e+06,2.206625287478811703e-01
7.326120000000000000e+06,-1.500037148340003235e+00
7.327056000000000000e+06,3.261074739926869803e+00
7.327992000000000000e+06,3.450851631539412434e+00
7.328924000000000000e+06,4.518737311605764084e+00
7.329860000000000000e+06,-1.358335891797454398e+00
7.330796000000000000e+06,-3.167672700242936124e+00
7.331732000000000000e+06,-8.470214014148920612e+00
7.332664000000000000e+06,1.309202922459088114e+01
7.333600000000000000e+06,7.667961040013826945e+00
7.334536000000000000e+06,4.999588473277532863e+00
7.335472000000000000e+06,1.213931273847460446e+01
7.336404000000000000e+06,3.578736178931483103e+00
7.337340000000000000e+06,1.138073839589075931e+00
7.338276000000000000e+06,-3.226568098535054219e-02
7.339212000000000000e+06,1.078166686860215329e+01
7.340144000000000000e+06,-8.236146110034034962e+00
7.341080000000000000e+06,-2.447710037988412690e+00
7.342016000000000000e+06,4.676883437805050114e+00
7.342952000000000000e+06,8.048773797139130437e+00
7.343884000000000000e+06,-3.776195684762125637e+00
7.344820000000000000e+06,-2.699536892013165712e+00
7.345756000000000000e+06,2.737246646005887740e+00
7.346692000000000000e+06,-1.328575921420678441e+01
7.347624000000000000e+06,6.005369084578762617e+00
7.348560000000000000e+06,2.131608403951104336e+01
7.349496000000000000e+06,-2.227458843024004764e+00
7.350432000000000000e+06,2.369228098047963016e+01
7.351364000000000000e+06,1.645887598745709468e+01
7.352300000000000000e+06,4.164456617072936240e+00
7.353236000000000000e+06,-1.272604890639474906e-01
7.354172000000000000e+06,-1.764456987922374509e+01
7.355104000000000000e+06,1.064567497635085846e+00
7.356040000000000000e+06,3.075082470881978391e+00
7.356976000000000000e+06,2.156569804332304052e+00
7.357912000000000000e+06,9.040059354741902808e-01
7.358844000000000000e+06,2.076068028652971265e+01
7.359780000000000000e+06,-1.092732122314806453e+01
7.360716000000000000e+06,1.158248225460552394e+00
7.361652000000000000e+06,7.219999617655532553e+00
7.362584000000000000e+06,-4.968023671461158308e+00
7.363520000000000000e+06,-1.078057637013764669e+01
7.364456000000000000e+06,4.130675808666837145e-01
7.365392000000000000e+06,1.096897321790017799e+01
7.366324000000000000e+06,1.557068000606754410e+01
7.367260000000000000e+06,1.661197851718850771e+01
7.368196000000000000e+06,5.842179361911608027e+00
7.369132000000000000e+06,1.164595894790548769e+01
7.370064000000000000e+06,1.752171807105557377e+01
7.371000000000000000e+06,-5.704431203372419823e+00
7.371936000000000000e+06,-1.526332934178729062e+01
7.372872000000000000e+06,-5.556372270108871803e+00
7.373804000000000000e+06,-5.939813187740434763e+00
7.374740000000000000e+06,-7.017786060742524867e+00
7.375676000000000000e+06,4.540225777730371171e+00
7.376612000000000000e+06,-2.970279158009175191e+00
7.377544000000000000e+06,-9.147144637801318368e+00
7.378480000000000000e+06,1.632221832738241218e+01
7.379416000000000000e+06,1.396882393279156176e+01
7.380352000000000000e+06,-1.136892496878535930e+01
7.381284000000000000e+06,-9.196534353124441452e+00
7.382220000000000000e+06,7.079612441366113451e+00
7.383156000000000000e+06,8.981315897383932878e+00
7.384092000000000000e+06,-1.030103928871900720e+01
7.385024000000000000e+06,-1.654883805631179072e+01
7.385960000000000000e+06,-2.208807543483892033e+01
7.386896000000000000e+06,-5.219850525485911774e+00
7.387832000000000000e+06,-1.463200381089036384e+01
7.388764000000000000e+06,-1.317563361672458022e+01
7.389700000000000000e+06,-2.790489385422342261e-01
7.390636000000000000e+06,-1.397583307831928412e+00
7.391572000000000000e+06,-8.498060156994524661e+00
7.392504000000000000e+06,-7.598462902416108555e+00
7.393440000000000000e+06,-8.117247399869221169e+00
7.394376000000000000e+06,4.192302759918542066e+00
7.395312000000000000e+06,-4.530362166583254080e+00
7.396244000000000000e+06,2.002153194347757292e+00
7.397180000000000000e+06,2.013554467536625481e+00
7.398116000000000000e+06,2.249278123680646857e+01
7.399052000000000000e+06,4.046871987161253514e+00
7.399984000000000000e+06,2.107235195362092028e+00
7.400920000000000000e+06,8.897722362494203452e+00
7.401856000000000000e+06,-1.451179102047242253e+01
7.402792000000000000e+06,-1.326689890858843590e+01
7.403724000000000000e+06,-1.509509602265226569e+01
7.404660000000000000e+06,-7.518811608285770554e+00
7.405596000000000000e+06,-7.751565432147526025e+00
7.406528000000000000e+06,8.871190299901726917e+00
7.407464000000000000e+06,3.796359213389631115e+00
7.408400000000000000e+06,7.699536699074171153e+00
7.409336000000000000e+06,4.154369424137198230e+00
7.410272000000000000e+06,-1.205468381147327683e+01
7.411204000000000000e+06,-6.232424401393237279e-01
7.412140000000000000e+06,-5.480450492193272183e+00
7.413076000000000000e+06,-1.233079504911642976e+00
7.414012000000000000e+06,-1.126142753180941725e+01
7.414944000000000000e+06,-1.171311847038244913e+01
7.415880000000000000e+06,-1.318834897016657948e+01
7.416816000000000000e+06,-6.440838735283680450e+00
7.417748000000000000e+06,7.269389332978656526e+00
7.418684000000000000e+06,2.700627390477674084e+00
7.419620000000000000e+06,-1.139398777086176429e+00
7.420556000000000000e+06,-7.527584720968379273e+00
7.421492000000000000e+06,2.543740238178606283e+00
7.422424000000000000e+06,4.650351375212574467e+00
7.423360000000000000e+06,1.347284198171618641e+01
7.424296000000000000e+06,-1.268732342262333468e+01
7.425232000000000000e+06,-5.872664522507443863e+00
7.426164000000000000e+06,-5.218536445232780707e+00
7.427100000000000000e+06,-6.558423365195363175e+00
7.428036000000000000e+06,1.408760999232175237e+00
7.428972000000000000e+06,-2.231074206576493424e+01
7.429904000000000000e+06,-1.365275526218161062e+01
7.430840000000000000e+06,-4.982053105156286854e+00
7.431776000000000000e+06,-2.785545862864502453e+00
7.432712000000000000e+06,-5.203405655829174137e+00
7.433644000000000000e+06,-5.371638974964198177e+00
7.434580000000000000e+06,-6.561321794527983364e-01
7.435516000000000000e+06,-2.780502266396634337e+00
7.436452000000000000e+06,1.860451937805208456e+00
7.437384000000000000e+06,4.078447646221599499e+00
7.438320000000000000e+06,-1.486007714644874689e+00
7.439256000000000000e+06,8.020927654293524611e+00
7.440192000000000000e+06,4.665482164616181926e+00
7.441124000000000000e+06,-1.857448381896228895e+01
7.442060000000000000e+06,-1.320479383982331711e+01
7.442996000000000000e+06,-7.116510385035860864e+00
7.443932000000000000e+06,-1.559612157019551049e+01
7.444864000000000000e+06,-1.379818603493889917e+01
7.445800000000000000e+06,-1.119224391214699965e+00
7.446736000000000000e+06,-8.596784481287860658e+00
7.447672000000000000e+06,-8.902000835676837642e-01
7.448604000000000000e+06,-4.048196924658354234e+00
7.449540000000000000e+06,-1.119224391214699965e+00
7.450476000000000000e+06,-1.235453119421511303e+01
7.451412000000000000e+06,-1.402085266586491485e+01
7.452344000000000000e+06,-4.473355800638911361e+00
7.453280000000000000e+06,-9.582390706717614393e+00
7.454216000000000000e+06,2.737246646005887740e+00
7.455152000000000000e+06,7.437622652113680566e+00
7.456084000000000000e+06,5.858624231568344776e+00
7.457020000000000000e+06,-6.182654204537929132e+00
7.457956000000000000e+06,-2.322453651102601491e+00
7.458892000000000000e+06,8.027535245846240120e-02
7.459824000000000000e+06,3.940475905893789488e+00
7.460760000000000000e+06,-4.887058297077690128e+00
7.461696000000000000e+06,-7.392241141146828731e+00
7.462632000000000000e+06,3.701364405311035277e+00
7.463564000000000000e+06,7.056809894988377074e+00
7.464500000000000000e+06,-6.776046399653510299e+00
7.465436000000000000e+06,2.867546629359568389e+00
7.466372000000000000e+06,3.211740130956657779e+00
7.467304000000000000e+06,-7.517497528032640375e+00
7.468240000000000000e+06,1.720274255179783296e+01
7.469176000000000000e+06,1.299949482003101231e+00
7.470112000000000000e+06,2.002153194347757292e+00
7.471044000000000000e+06,-1.016438162864432826e+01
7.471980000000000000e+06,3.238272193549133426e+00
7.472916000000000000e+06,-5.343792832118592351e+00
7.474784000000000000e+06,2.361477485348453698e+00
7.475720000000000000e+06,3.462252904728280622e+00
7.476656000000000000e+06,7.824790648031183515e-01
7.477592000000000000e+06,-1.137901216172109642e+01
7.478524000000000000e+06,1.901580887645805262e+01
7.479460000000000000e+06,-6.558423365195363175e+00
7.480396000000000000e+06,4.050601503375993673e+00
7.481328000000000000e+06,-6.538248979323886267e+00
7.482264000000000000e+06,-3.057547102760731939e+00
7.483200000000000000e+06,1.408760999232175237e+00
7.484136000000000000e+06,4.785694955034124121e+00
7.485072000000000000e+06,-8.720726787920542122e+00
7.486004000000000000e+06,3.086483744070846580e+00
7.486940000000000000e+06,7.671690556228566216e+00
7.487876000000000000e+06,3.042560636376097083e-01
7.488812000000000000e+06,9.332968431410501253e+00
7.489744000000000000e+06,2.098970459417673240e+01
7.490680000000000000e+06,1.060017250251236476e+02
7.491616000000000000e+06,1.458670672003906361e+02
7.492552000000000000e+06,8.548949830383449466e+01
7.493484000000000000e+06,2.541560881807377470e+01
7.494420000000000000e+06,1.969542276696962091e+01
7.495356000000000000e+06,3.053478602344112147e+01
7.496292000000000000e+06,6.763320188967542279e+00
7.497224000000000000e+06,-1.867951071362371351e+01
7.498160000000000000e+06,-4.929424567856430794e-01
7.499096000000000000e+06,-7.787077374082373993e-02
7.500032000000000000e+06,-1.163515403717042762e+00
7.500964000000000000e+06,-2.445785959273359822e+01
7.501900000000000000e+06,-1.399563468352556939e+01
7.502836000000000000e+06,-7.894580768943204596e+00
7.503768000000000000e+06,-1.434224362108426831e+01
7.504704000000000000e+06,-6.839783222984043842e-01
7.505640000000000000e+06,-8.077999983834747155e+00
7.506576000000000000e+06,9.841665735927874081e+00
7.507512000000000000e+06,1.223798195641502851e+01
7.508444000000000000e+06,-3.285393234935643392e+01
7.509380000000000000e+06,-1.118556086024672780e+01
7.510316000000000000e+06,-2.609896308204405457e+01
7.511252000000000000e+06,-2.856752667058497863e+01
7.512184000000000000e+06,-4.472587611061919688e+01
7.513120000000000000e+06,-2.035224496834742780e+01
7.514056000000000000e+06,-7.999662769957541109e+00
7.514992000000000000e+06,-6.216858024104532809e+00
7.515924000000000000e+06,9.279849199872636234e+00
7.516860000000000000e+06,-4.049511004911485301e+00
7.517796000000000000e+06,1.779240523069867663e+01
7.518732000000000000e+06,-5.232040355928577746e-01
7.519664000000000000e+06,1.690047973309438945e+01
7.520600000000000000e+06,4.687598665578949220e-01
7.521536000000000000e+06,-7.320539573683975121e-01
7.522472000000000000e+06,-2.562879231938485880e+00
7.523404000000000000e+06,-1.437140384418300343e+01
7.524340000000000000e+06,-1.839610820053861318e+01
7.525276000000000000e+06,-1.136256729206436056e+01
7.526212000000000000e+06,2.155146602387905475e+01
7.527144000000000000e+06,1.009722210616736859e+01
7.528080000000000000e+06,2.044060341156349025e+01
7.529016000000000000e+06,2.541298065756751612e+01
7.529952000000000000e+06,3.031957842494458788e+01
7.530884000000000000e+06,8.027535245846240120e-02
7.531820000000000000e+06,-1.157157726996043801e+00
7.532756000000000000e+06,-1.554470460130995768e+00
7.533692000000000000e+06,1.577049424720110782e+00
7.534624000000000000e+06,5.202025611979162356e+00
7.535560000000000000e+06,1.196603582287171008e+01
7.536496000000000000e+06,-6.045996544463248412e+00
7.537432000000000000e+06,3.543218279111748803e+00
7.538364000000000000e+06,1.813024105557476418e+01
7.540236000000000000e+06,5.625870407706589305e+00
7.541172000000000000e+06,1.392316129575437822e+00
7.542104000000000000e+06,-7.802214121370868227e+00
7.543040000000000000e+06,-1.588966638256925812e+01
7.543976000000000000e+06,-7.780725655246261141e+00
7.544912000000000000e+06,-1.612504836693727484e+01
7.545844000000000000e+06,-2.707821163075280779e+01
7.546780000000000000e+06,-2.300417266542698513e+01
7.547716000000000000e+06,-3.699648916652128605e+01
7.548652000000000000e+06,-2.516269146558451197e+01
7.549584000000000000e+06,-9.997462389762434398e+00
7.550520000000000000e+06,-5.738635022939024388e+00
7.551456000000000000e+06,-1.231155426196589886e+01
7.552388000000000000e+06,2.949826083996166748e+00
7.553324000000000000e+06,-1.818799943053095891e+00
7.554260000000000000e+06,1.525564672756919293e+01
7.555196000000000000e+06,1.275550747996792111e+01
7.556132000000000000e+06,1.368169190349172659e+01
7.557064000000000000e+06,1.851236789295319696e+01
7.558000000000000000e+06,-2.064269120356849285e+00
7.558936000000000000e+06,-1.130440446405862787e+01
7.559872000000000000e+06,6.736733020022154683e+00
7.560804000000000000e+06,7.708364918109690933e+00
7.561740000000000000e+06,-9.750679132205549493e+00
7.562676000000000000e+06,-1.502926143767240497e+01
7.563612000000000000e+06,4.683241114526048854e+00
7.564544000000000000e+06,7.557835442531622760e+00
7.565480000000000000e+06,-1.690947642756561464e+01
7.566416000000000000e+06,-2.375439690648872570e+01
7.567352000000000000e+06,-1.065027638678396471e+01
7.568284000000000000e+06,2.246493509396086452e+01
7.569220000000000000e+06,8.845972317562381448e+00
7.570156000000000000e+06,2.970469776370439874e+01
7.571092000000000000e+06,1.552764796746541975e+01
7.572024000000000000e+06,1.835422176675391270e+01
7.572960000000000000e+06,1.835422176675391270e+01
7.573896000000000000e+06,-1.022970609235884787e+00
7.574832000000000000e+06,-9.796284224961024023e+00
7.575764000000000000e+06,-2.823479198645846733e+00
7.576700000000000000e+06,-1.463704740735823506e+01
7.577636000000000000e+06,-2.244739972583961674e+01
7.578572000000000000e+06,7.965235368602312960e+00
7.579504000000000000e+06,-6.776046399653510299e+00
7.580440000000000000e+06,-4.937762092653944279e+00
7.581376000000000000e+06,-2.642539763373127570e+01
7.582312000000000000e+06,-8.112203803401353497e+00
7.583244000000000000e+06,-1.085781222830637560e+01
7.584180000000000000e+06,-9.939680043288885436e-01
7.585116000000000000e+06,-4.250689169712895676e+00
7.586052000000000000e+06,-4.124118702573953854e+00
7.586984000000000000e+06,5.031164132337877071e+00
7.587920000000000000e+06,3.228185000613395417e+00
7.588856000000000000e+06,-2.141449872172667135e+00
7.589788000000000000e+06,1.092468220539783452e+01
7.590724000000000000e+06,1.592627478085350212e+01
7.591660000000000000e+06,2.457411928514817490e+01
7.592596000000000000e+06,9.214069721245687461e+00
7.593532000000000000e+06,1.747364243598558176e+01
7.594464000000000000e+06,1.791393210136974545e+01
7.595400000000000000e+06,2.464499746659591040e+01
7.596336000000000000e+06,1.620836321368546962e+01
7.597272000000000000e+06,1.114361932010911183e+01
7.598204000000000000e+06,-8.346271707516237370e+00
7.599140000000000000e+06,-1.098679813140692652e+01
7.600076000000000000e+06,-6.424393865626943700e+00
7.601012000000000000e+06,-1.443088075244186363e+01
7.601944000000000000e+06,-2.934932657070705986e+01
7.602880000000000000e+06,-2.055496007674241454e+00
7.603816000000000000e+06,5.820690895787000940e+00
7.605684000000000000e+06,2.469811669813377009e+01
7.606620000000000000e+06,1.170406666955830843e+01
7.607556000000000000e+06,2.825599932651274315e+01
7.608492000000000000e+06,2.235612357673178607e+01
7.609424000000000000e+06,-5.078149268943363381e+00
7.610360000000000000e+06,1.018191699676557249e+01
7.611296000000000000e+06,-3.068948375949600571e+00
7.612232000000000000e+06,-3.077149294530624246e+01
7.613164000000000000e+06,-2.632031563271694097e+01
7.614100000000000000e+06,-7.115196304782730685e+00
7.615036000000000000e+06,-1.969806178471985447e+01
7.615972000000000000e+06,-1.398291933008357191e+01
7.616904000000000000e+06,-1.574286642320593010e+01
7.617840000000000000e+06,-1.551066319095528723e-01
7.618776000000000000e+06,-2.502844924147144212e+01
7.619712000000000000e+06,-7.490965465440164728e+00
7.620644000000000000e+06,-1.771413398041834952e+01
7.621580000000000000e+06,-3.428272666950296976e+00
7.622516000000000000e+06,3.859510531510321307e+00
7.623452000000000000e+06,2.558871027582214186e+00
7.624384000000000000e+06,2.782906845114272443e+00
7.625320000000000000e+06,1.658413237434290366e+01
7.626256000000000000e+06,1.379554701718866738e+01
7.627192000000000000e+06,6.949312458012433247e+00
7.628124000000000000e+06,-7.075893782395345610e+00
7.629060000000000000e+06,-1.523548319894168479e+01
7.629996000000000000e+06,-5.180603109451437760e+00
7.630932000000000000e+06,-6.444568251498418832e+00
7.631864000000000000e+06,8.952155674285195985e+00
7.632800000000000000e+06,2.178058270456910694e+00
7.633736000000000000e+06,-5.121126201192575778e+00
7.634672000000000000e+06,-3.520639314522633789e+00
7.635604000000000000e+06,1.176354357781717042e+01
7.636540000000000000e+06,2.932015549036435331e+01
7.637476000000000000e+06,2.550797546564610840e+01
7.638412000000000000e+06,-8.104532046427223690e+00
7.639344000000000000e+06,1.212626430898633645e+00
7.640280000000000000e+06,-1.777355578232429778e+01
7.641216000000000000e+06,-2.159208822082534951e+00
7.642152000000000000e+06,-1.336935274909651206e+01
7.643084000000000000e+06,-3.786955435850723006e+01
7.644020000000000000e+06,-2.779691531910711078e+01
7.644956000000000000e+06,-2.152757297903681533e+01
7.645892000000000000e+06,-1.468139352621348692e+01
7.646824000000000000e+06,-7.284743704170884904e+00
7.647760000000000000e+06,-9.500166358433926206e+00
7.648696000000000000e+06,-1.306682209949550710e+01
7.649632000000000000e+06,2.122503147219183361e+01
7.650564000000000000e+06,7.778086637496032019e+00
7.651500000000000000e+06,-1.139398777086176429e+00
7.652436000000000000e+06,-9.708961173856554439e+00
7.653368000000000000e+06,-1.244689784178745029e+01
7.654304000000000000e+06,5.698996268128394549e-01
7.655240000000000000e+06,1.779744882716654075e+01
7.656176000000000000e+06,9.464582495017310748e+00
7.657112000000000000e+06,-6.275020852110264613e+00
7.658044000000000000e+06,-9.217757426280284161e-01
7.658980000000000000e+06,-8.475257610616788284e+00
7.659916000000000000e+06,1.595785043991384811e+01
7.660852000000000000e+06,6.707572796923418679e+00
7.661784000000000000e+06,-8.051467921242270620e+00
7.662720000000000000e+06,2.216130308865137621e+01
7.663656000000000000e+06,1.741027839332024030e+01
7.664592000000000000e+06,-6.229573377546531177e+00
7.665524000000000000e+06,-7.911025638599941345e+00
7.666460000000000000e+06,9.305379980666664830e-01
7.667396000000000000e+06,-3.741991865195521072e+00
7.668332000000000000e+06,1.889055248957224009e+01
7.669264000000000000e+06,-1.103618784673004782e+01
7.670200000000000000e+06,-1.439793590677547996e+01
7.671136000000000000e+06,-3.076009167211737250e+01
7.672072000000000000e+06,-3.016034180028078993e+01
7.673004000000000000e+06,-1.913624524866461485e+01
7.673940000000000000e+06,8.141140444711467694e+00
7.674876000000000000e+06,-4.783290376316485570e+00
7.675812000000000000e+06,5.428421759119918200e+00
7.676744000000000000e+06,-7.616221852325976371e+00
7.677680000000000000e+06,-1.118419167364068656e+01
7.678616000000000000e+06,-2.365062898572751848e+01
7.679552000000000000e+06,-1.691583410428661693e+01
7.680484000000000000e+06,-1.193709918156159588e+01
7.681420000000000000e+06,-7.616221852325976371e+00
7.682356000000000000e+06,-1.358335891797454398e+00
7.683292000000000000e+06,2.002153194347757292e+00
7.684224000000000000e+06,3.358317226979541936e-01
7.685160000000000000e+06,-6.232424401393237279e-01
7.686096000000000000e+06,7.652830250610220375e+00
7.687032000000000000e+06,2.361000152584302825e+01
7.687964000000000000e+06,-1.825157619774095075e+00
7.688900000000000000e+06,8.734532639827047973e+00
7.689836000000000000e+06,4.523149969011572846e-01
7.690772000000000000e+06,3.163293328231469204e+01
7.691704000000000000e+06,2.017495984838826573e+01
7.692640000000000000e+06,-6.155706831651943656e-01
7.693576000000000000e+06,-6.881128400667845035e+00
7.694512000000000000e+06,-1.750155454242807096e+01
7.695444000000000000e+06,-1.353254247176366754e+01
7.696380000000000000e+06,-1.753575836199467375e+01
7.697316000000000000e+06,-8.570252418695384122e+00
7.698252000000000000e+06,-1.954737469095004343e+01
7.699184000000000000e+06,1.620704913343233855e+01
7.700120000000000000e+06,2.417181806189827142e+01
7.701056000000000000e+06,1.828838718177405198e+01
7.701992000000000000e+06,8.337275013045008620e+00
7.702924000000000000e+06,-9.526698421026402741e+00
7.703860000000000000e+06,-3.080349649138469204e+00
7.704796000000000000e+06,-1.396274494421209411e+01
7.705732000000000000e+06,-1.076040198426617067e+01
7.706664000000000000e+06,-4.733955767346273547e+00
7.707600000000000000e+06,6.540653558041524818e+00
7.708536000000000000e+06,9.322826132121850407e+00
7.709472000000000000e+06,6.615261255703993371e+00
7.710404000000000000e+06,2.237535178715772233e+00
7.711340000000000000e+06,-1.602490988848078057e+00
7.712276000000000000e+06,-1.175740948288479260e+01
7.713212000000000000e+06,-2.524234275971485175e+01
7.714144000000000000e+06,-8.847297255059482168e+00
7.715080000000000000e+06,-9.859490649434622611e+00
7.716016000000000000e+06,7.154220139028582892e+00
7.716952000000000000e+06,1.202172810856292173e+01
7.717884000000000000e+06,3.133308589957285761e+01
7.718820000000000000e+06,2.194368005419322643e+01
7.719756000000000000e+06,1.029708619071564790e+01
7.720692000000000000e+06,-1.339961432790372697e+01
7.721624000000000000e+06,-3.634494428219576800e+00
7.722560000000000000e+06,-6.053668301437377330e+00
7.723496000000000000e+06,-2.713353601163642992e+00
7.724432000000000000e+06,5.390488423338574364e+00
7.725364000000000000e+06,2.569775235725865414e+01
7.726300000000000000e+06,1.309970098156501273e+01
7.727236000000000000e+06,4.297384760932876802e+00
7.728172000000000000e+06,-2.270799969254697359e+01
7.729104000000000000e+06,-3.211963712745279143e+00
7.730040000000000000e+06,9.627772217684466227e+00
7.730976000000000000e+06,1.201274227133566264e+01
7.731912000000000000e+06,-1.293783619639495619e+01
7.732844000000000000e+06,-8.579025531377993730e+00
7.733780000000000000e+06,-3.296658603343486593e+00
7.734716000000000000e+06,7.097371391275982155e+00
7.735652000000000000e+06,-3.814129020543469473e+00
7.736584000000000000e+06,6.458214047284387416e-01
7.737520000000000000e+06,8.217007116274153589e+00
7.738456000000000000e+06,7.894357187154581901e+00
7.739392000000000000e+06,8.025971250761392284e+00
7.740324000000000000e+06,5.854894715353605505e+00
7.741260000000000000e+06,-1.190047466309518853e+00
7.742196000000000000e+06,-1.210028890422875136e+01
7.743132000000000000e+06,-1.165874026494436677e+01
7.744064000000000000e+06,-1.033215420363363224e+00
7.745000000000000000e+06,-1.342373095453459442e+01
7.745936000000000000e+06,-2.295982654657172972e+01
7.746872000000000000e+06,-1.291503365001721981e+01
7.747804000000000000e+06,5.749432232807085708e-01
7.748740000000000000e+06,8.996446686787539448e+00
7.749676000000000000e+06,1.065641048171634253e+01
7.750612000000000000e+06,1.035913615312785652e+01
7.751544000000000000e+06,8.663709564732229751e+00
7.752480000000000000e+06,7.913430217317579896e+00
7.753416000000000000e+06,5.423378162652049639e+00
7.754352000000000000e+06,7.432579055645811117e+00
7.755284000000000000e+06,1.665874007200537221e+01
7.756220000000000000e+06,1.863126660311801075e+01
7.757156000000000000e+06,-2.250261389401741141e+00
7.758092000000000000e+06,5.792789646588484942e+00
7.759024000000000000e+06,-2.466912495047074927e+01
7.759960000000000000e+06,-5.856274759203618174e+00
7.760900000000000000e+06,-1.306440666353389801e+01
7.761832000000000000e+06,-6.930463009638057059e+00
7.762764000000000000e+06,6.487534326503662463e+00
7.763700000000000000e+06,1.398673806296437228e+00
7.764636000000000000e+06,9.410149183226318215e+00
7.765572000000000000e+06,2.341303099476977678e+00
7.766504000000000000e+06,1.865495534273077460e+00
7.767440000000000000e+06,-1.597824840757394327e+01
7.768376000000000000e+06,2.264829920249949424e+01
7.769312000000000000e+06,-1.432070004860674928e+01
7.770244000000000000e+06,-1.484906358936396442e+00
7.771180000000000000e+06,-1.556191775062890770e+01
7.772116000000000000e+06,7.656504660472046808e+00
7.773048000000000000e+06,-1.154855956110925064e+01
7.773984000000000000e+06,-1.464340508407923380e+01
7.774920000000000000e+06,-6.615484837492616066e+00
7.775856000000000000e+06,-3.695850072438703648e+01
7.776792000000000000e+06,-1.197371843708980776e+01
7.777724000000000000e+06,2.092518408944999919e+01
7.778660000000000000e+06,-8.595470401034731367e+00
7.779596000000000000e+06,-1.368937451770982427e+01
7.780532000000000000e+06,-1.038331874335560556e+01
7.781464000000000000e+06,-9.958159867375048435e+00
7.782408000000000000e+06,4.180901486729673877e+00
7.783336000000000000e+06,2.737246646005887740e+00
7.784272000000000000e+06,-3.672427764000920636e+00
7.785204000000000000e+06,1.020734770364957100e+01
7.786140000000000000e+06,1.829474485849505072e+01
7.787076000000000000e+06,2.367583611082289607e+01
7.788012000000000000e+06,3.583779775399352552e+00
7.788944000000000000e+06,1.309202922459088114e+01
7.789880000000000000e+06,3.316822131970992515e+00
7.790816000000000000e+06,1.046158999363593090e+01
7.791752000000000000e+06,-7.050675800056000142e+00
7.792684000000000000e+06,5.977522941733157680e+00
7.793620000000000000e+06,-4.260776362648633686e+00
7.794556000000000000e+06,8.516909605368901737e+00
7.795492000000000000e+06,-4.978110864396897206e+00
7.796424000000000000e+06,3.831664388664715482e+00
7.797360000000000000e+06,-8.092347091842156948e-01
7.798296000000000000e+06,-1.669639654081068958e+00
7.799232000000000000e+06,-2.269791249961124180e+01
7.800164000000000000e+06,6.603804876162215010e+00
7.801100000000000000e+06,6.616520229604212489e+00
7.802036000000000000e+06,1.120304112201506186e+01
7.802972000000000000e+06,1.716239378005487737e+01
7.803912000000000000e+06,2.603217146437468266e+00
7.804840000000000000e+06,1.146846952271684206e+00
7.805776000000000000e+06,-1.087425709796311324e+01
7.806712000000000000e+06,-1.838602100760288138e+01
7.807644000000000000e+06,-2.497538511628648905e+01
7.808580000000000000e+06,-1.381588987849585592e+01
7.809516000000000000e+06,-1.962461054911877412e+01
7.810452000000000000e+06,-8.875143397905087994e+00
7.811384000000000000e+06,3.915257923554443131e+00
7.812320000000000000e+06,1.553269156393328920e+01
7.813256000000000000e+06,1.569593639295335663e+01
7.814192000000000000e+06,1.191160251108071577e+01
7.815124000000000000e+06,9.345683784852498732e+00
7.816060000000000000e+06,7.455381602023547494e+00
7.816996000000000000e+06,4.220148902764147891e+00
7.817932000000000000e+06,-5.226208202206910514e+00
7.818864000000000000e+06,-2.014975272329288813e+01
7.819800000000000000e+06,-7.365709078554353084e+00
7.820736000000000000e+06,-9.437074975047266001e-02
7.821672000000000000e+06,-3.836931566921205849e+00
7.822604000000000000e+06,-8.241189706501902634e+00
7.823540000000000000e+06,-6.569824638384230475e+00
7.824476000000000000e+06,1.107647065487612004e+01
7.825416000000000000e+06,-1.112849938794947491e+01
7.826344000000000000e+06,1.088543478936335873e+01
7.827280000000000000e+06,1.498101732716670220e+01
7.828216000000000000e+06,-7.103739925240950548e+00
7.829152000000000000e+06,8.469444631769382781e-01
7.830084000000000000e+06,-2.077603465772194724e+01
7.831020000000000000e+06,-8.329826837859499733e+00
7.831956000000000000e+06,-1.729061455987019658e+00
7.832892000000000000e+06,-1.123731090517854803e+01
7.833824000000000000e+06,-2.044455650956685488e+01
7.834760000000000000e+06,-1.725739944537744464e+01
7.835696000000000000e+06,6.724017666580155428e+00
7.836632000000000000e+06,-5.436159479690929608e+00
7.837564000000000000e+06,5.470970804351029670e-01
7.838500000000000000e+06,-1.067549436912331196e+01
7.839436000000000000e+06,2.631131893824571222e+01
7.840372000000000000e+06,3.489096852795182713e+01
7.841304000000000000e+06,1.028326948156516885e+01
7.842240000000000000e+06,-1.892251178654174693e+00
7.843176000000000000e+06,5.236071813354027604e+00
7.844112000000000000e+06,-1.498497042517006328e+01
7.845044000000000000e+06,-1.847838765517521864e+01
7.845980000000000000e+06,-4.000176395941273277e+00
7.846920000000000000e+06,6.735418939769024504e+00
7.847848000000000000e+06,-2.360386986883945326e+00
7.848784000000000000e+06,-1.612242020643101625e+01
7.849720000000000000e+06,-1.079833532004751540e+01
7.850656000000000000e+06,-9.404070194646850567e+00
7.851592000000000000e+06,-1.475090252105517763e+01
7.852524000000000000e+06,-1.620249938757945429e+00
7.853460000000000000e+06,6.234393392225778818e+00
7.854396000000000000e+06,7.888367415241177572e-01
7.855332000000000000e+06,1.246706137041495488e+01
7.856264000000000000e+06,2.155650962034692597e+01
7.857200000000000000e+06,6.950626538265563426e+00
7.858136000000000000e+06,1.105256675278990386e+01
7.859072000000000000e+06,6.593717683226476112e+00
7.860004000000000000e+06,-7.632666721982713121e+00
7.860940000000000000e+06,-5.852490136635966955e+00
7.861876000000000000e+06,5.581524288851335669e+00
7.862812000000000000e+06,-1.250259012747866194e+01
7.863744000000000000e+06,-3.352405995387608861e+00
7.864680000000000000e+06,-1.751295581561693382e+01
7.865616000000000000e+06,-9.006812567864811214e+00
7.866552000000000000e+06,-3.575527146449913118e+01
7.867484000000000000e+06,-2.432892879598595570e+01
7.868428000000000000e+06,-2.224490748078507352e+01
7.869356000000000000e+06,3.319237567932601607e+00
7.870292000000000000e+06,1.289862289067363221e+00
7.871224000000000000e+06,6.942954781291434507e+00
7.872160000000000000e+06,1.201405635158879193e+01
7.873096000000000000e+06,1.272766133712231706e+01
7.874032000000000000e+06,1.208624861328965316e+01
7.874964000000000000e+06,2.217774795830811030e+01
7.875900000000000000e+06,2.700522440710046435e-01
7.876836000000000000e+06,3.452165711792542169e+00
7.877772000000000000e+06,2.017737528434987127e+01
7.878704000000000000e+06,-7.026559173425133586e+00
7.879640000000000000e+06,-2.267642403348663294e+01
7.880576000000000000e+06,-2.974154060102123509e+01
7.881512000000000000e+06,-1.723964049546757948e+01
7.882444000000000000e+06,6.415397171155713174e+00
7.883380000000000000e+06,7.013777856386252729e+00
7.884316000000000000e+06,1.113726164338811309e+01
7.885252000000000000e+06,1.533792618220578952e+01
7.886184000000000000e+06,8.387923702268349047e+00
7.887120000000000000e+06,2.021662270038434528e+01
7.888056000000000000e+06,3.149627562224001309e+01
7.888992000000000000e+06,2.428567317559521399e+01
7.889932000000000000e+06,1.088543478936335873e+01
7.890860000000000000e+06,-1.501040113205405824e+01
7.891796000000000000e+06,-3.362218337122559575e+01
7.892732000000000000e+06,-3.538585998056269233e+01
7.893664000000000000e+06,-2.184764985400303416e+01
7.894600000000000000e+06,-3.649625217623184703e+00
7.895536000000000000e+06,5.291764099045239256e+00
7.896472000000000000e+06,-2.373102340325943693e+00
7.897404000000000000e+06,-3.876234089308591813e+00
7.898340000000000000e+06,-4.431692948642829144e+00
7.899276000000000000e+06,-1.005052651494738569e+01
7.900212000000000000e+06,2.148898047358175134e+00
7.901144000000000000e+06,4.698371903929656312e+00
7.902080000000000000e+06,-9.457134319831801861e+00
7.903016000000000000e+06,1.045018872044706271e+01
7.903952000000000000e+06,1.611253244286715569e+00
7.904884000000000000e+06,-1.411321931343725211e+01
7.905820000000000000e+06,-1.706126487704390371e+01
7.906756000000000000e+06,-2.065340643134239329e+01
7.907692000000000000e+06,-1.715363152461624097e+01
7.908624000000000000e+06,-1.208888763103988317e+01
7.909560000000000000e+06,3.746969498066507587e+00
7.910496000000000000e+06,2.311401957476765290e+01
7.911436000000000000e+06,5.217211507735680875e+00
7.912364000000000000e+06,-2.726912618212351536e-01
7.913300000000000000e+06,1.322752028380837830e+00
7.914236000000000000e+06,7.529989299686016935e+00
7.915172000000000000e+06,-6.574868234852099924e+00
7.916104000000000000e+06,9.927674706779210823e+00
7.917040000000000000e+06,1.527077751697279773e+01
7.917976000000000000e+06,-6.939291228673576839e+00
7.918912000000000000e+06,-1.141825957775557221e+01
7.919844000000000000e+06,1.289862289067363221e+00
7.920780000000000000e+06,1.023760928245678414e+01
7.921716000000000000e+06,-2.952465101746397202e+00
7.922652000000000000e+06,7.846281552084588995e+00
7.923584000000000000e+06,1.196976533908645024e+01
7.924520000000000000e+06,9.934032383500211338e+00
7.925456000000000000e+06,-1.294287979286282564e+01
7.926392000000000000e+06,-1.846194278551847745e+01
7.927324000000000000e+06,-4.006534072662271129e+00
7.928260000000000000e+06,-2.709202833990328685e+01
7.929196000000000000e+06,2.475332599045397153e+00
7.930132000000000000e+06,-3.372580381259085769e+00
7.931064000000000000e+06,1.269981519427670946e+01
7.932000000000000000e+06,1.126756162674179507e+01
7.932940000000000000e+06,5.716922975025796383e+00
7.933872000000000000e+06,-5.486808168914271810e+00
7.934804000000000000e+06,9.393111107492744249e-01
7.935740000000000000e+06,-9.801327821428891696e+00
7.936676000000000000e+06,-2.546500939064086921e+01
7.937612000000000000e+06,-5.308487656843508873e+00
7.938544000000000000e+06,-2.020786044494570888e+01
7.939480000000000000e+06,-1.162952493549271971e+01
7.940416000000000000e+06,2.156569804332304052e+00
7.941352000000000000e+06,7.046722702052639065e+00
7.942284000000000000e+06,7.323767538416737111e+00
7.943220000000000000e+06,1.113726164338811309e+01
7.944156000000000000e+06,2.290785291985128680e+01
7.945092000000000000e+06,1.522270188190280571e+01
7.946024000000000000e+06,7.655245686571827690e+00
7.946960000000000000e+06,-8.902000835676837642e-01
7.947896000000000000e+06,4.531452665047762451e+00
7.948832000000000000e+06,2.661752399770854893e+01
7.949764000000000000e+06,1.652465546608404168e+01
7.950700000000000000e+06,-6.598984861482966480e+00
7.951636000000000000e+06,-6.516760513199280069e+00
7.952572000000000000e+06,5.041251325273615969e+00
7.953504000000000000e+06,9.954206769371687358e+00
7.954448000000000000e+06,-2.008734452857377839e+00
7.955376000000000000e+06,-2.534106708400818775e+01
7.956312000000000000e+06,-6.826750195229763563e+00
7.957244000000000000e+06,-1.983976304126240464e+01
7.958180000000000000e+06,-9.126970251929844125e+00
7.959116000000000000e+06,1.131053855899100569e+01
7.960052000000000000e+06,1.858828967086879658e+01
7.960984000000000000e+06,7.423805942963203286e+00
7.961920000000000000e+06,2.443367700250585273e+01
7.962856000000000000e+06,1.479260962216020125e+01
7.963792000000000000e+06,1.797839749974356849e+01
7.964724000000000000e+06,-9.457134319831801861e+00
7.965660000000000000e+06,-1.859350174277237855e+01
7.966596000000000000e+06,-1.597451889135920489e+01
7.967532000000000000e+06,-1.881117988358343851e+01
7.968464000000000000e+06,-3.175578509048286691e+01
7.969400000000000000e+06,-2.929999196173684695e+01
7.970336000000000000e+06,9.851752928863611203e+00
7.971272000000000000e+06,1.090319373927322744e+01
7.972204000000000000e+06,2.011416885987626912e+01
7.973140000000000000e+06,4.246736071709534599e+00
7.974076000000000000e+06,2.829613293578224109e+00
7.975012000000000000e+06,-1.025674827621666552e+01
7.975952000000000000e+06,-1.515167937743610471e+00
7.976880000000000000e+06,1.320851249879408584e+01
7.977816000000000000e+06,4.793366712008253039e+00
7.978752000000000000e+06,1.446984948033480656e+01
7.979684000000000000e+06,1.151171672379241606e+01
7.980620000000000000e+06,4.409137237122888742e-01
7.981556000000000000e+06,-1.702374213131603309e-01
7.982492000000000000e+06,5.100728233532477951e+00
7.983424000000000000e+06,-1.470288199233809401e+01
7.984360000000000000e+06,-1.841260817654826454e+01
7.985296000000000000e+06,-2.104299230115030639e+01
7.986232000000000000e+06,-2.397333402119999946e+01
7.987164000000000000e+06,-2.811956524822668868e+01
7.988100000000000000e+06,-3.547055487116090688e+01
7.989036000000000000e+06,4.413655310591428460e+00
7.989972000000000000e+06,4.187259163450672617e+00
7.990904000000000000e+06,-4.733955767346273547e+00
7.991840000000000000e+06,3.782329779694503014e+00
7.992776000000000000e+06,-1.101091475803779396e+01
7.993712000000000000e+06,-1.329080281067465386e+01
7.994644000000000000e+06,-3.432002183165036246e+00
7.995580000000000000e+06,1.152947567370228299e+01
7.996516000000000000e+06,2.124657504466935265e+01
7.997456000000000000e+06,2.703501111671497270e+01
7.998384000000000000e+06,-2.144397944414708235e+01
7.999320000000000000e+06,-1.717511999074084628e+01
8.000256000000000000e+06,-1.518877675047773046e+01
8.001192000000000000e+06,-2.102018975477256646e+01
8.002124000000000000e+06,-1.654510854009705056e+01
8.003060000000000000e+06,-1.306440666353389801e+01
8.003996000000000000e+06,-1.221414401792569393e+01
8.004932000000000000e+06,-1.737629815554225843e+01
8.005864000000000000e+06,-6.816607895941114492e+00
8.006800000000000000e+06,-1.103744682063026694e+01
8.007736000000000000e+06,6.257195938603516083e+00
8.008668000000000000e+06,1.276943440182422052e+01
8.009604000000000000e+06,6.891149630006702331e+00
8.010540000000000000e+06,6.420918885136996934e-01
8.011476000000000000e+06,-3.345993212313698617e+00
8.012412000000000000e+06,-9.097810028831105456e+00
8.013344000000000000e+06,-7.258211641578409257e+00
8.014280000000000000e+06,-2.436308764799544502e+00
8.015216000000000000e+06,2.270536067479674713e+01
8.016152000000000000e+06,1.933347031546266592e+01
8.017084000000000000e+06,1.334254199836250443e+01
8.018020000000000000e+06,-9.157286937089967438e+00
8.018960000000000000e+06,-1.515583190481134679e+01
8.019892000000000000e+06,-7.434552305572659225e-01
8.020824000000000000e+06,-9.663356081101081685e+00
8.021760000000000000e+06,9.949163172903816132e+00
8.022696000000000000e+06,1.528086470990853840e+01
8.023632000000000000e+06,2.834656890046093558e+00
8.024564000000000000e+06,2.139331989767977049e+01
8.025500000000000000e+06,9.732854218698800963e+00
8.026436000000000000e+06,5.716922975025796383e+00
8.027372000000000000e+06,-8.438638355088574627e+00
8.028304000000000000e+06,-2.796377945163609979e+01
8.029240000000000000e+06,-8.813093435492877603e+00
8.030176000000000000e+06,9.730281164545450778e+00
8.031112000000000000e+06,-8.704281918263804485e+00
8.032044000000000000e+06,-1.289990286061361147e+01
8.032980000000000000e+06,7.867825124562106254e+00
8.033916000000000000e+06,4.149325827669328781e+00
8.034852000000000000e+06,2.235107998026391840e+01
8.035784000000000000e+06,-2.701952327974774803e+00
8.036720000000000000e+06,5.716922975025796383e+00
8.037656000000000000e+06,-1.288976056132496417e+01
8.038592000000000000e+06,-2.798261216306501709e+00
8.039524000000000000e+06,-1.489391785785085531e+01
8.040468000000000000e+06,-1.374780761454191813e+00
8.041396000000000000e+06,-1.162952493549271971e+01
8.042332000000000000e+06,7.112502180679588726e+00
8.043264000000000000e+06,2.082141616868879552e+01
8.044200000000000000e+06,9.460852978802570590e+00
8.045136000000000000e+06,1.273270493359018651e+01
8.046072000000000000e+06,-6.011182383095658999e-02
8.047004000000000000e+06,1.493294169209670841e+01
8.047940000000000000e+06,1.737870273425989609e+01
8.048876000000000000e+06,-1.045288284455020644e+01
8.049812000000000000e+06,1.281367030797365558e+01
8.050744000000000000e+06,2.014868547789755659e+00
8.051680000000000000e+06,2.737246646005887740e+00
8.052616000000000000e+06,-4.173453311544165878e+00
8.053552000000000000e+06,-1.372231936337620972e+01
8.054484000000000000e+06,-1.849483252483195272e+01
8.055420000000000000e+06,-1.036555979344573686e+01
8.056356000000000000e+06,5.279103851956151949e+00
8.057292000000000000e+06,6.578586893822868653e+00
8.058224000000000000e+06,2.314565034018091083e+01
8.059160000000000000e+06,2.447166544464010585e+01
8.060096000000000000e+06,-5.050248019744845607e+00
8.061032000000000000e+06,-1.007338416767803224e+01
8.061972000000000000e+06,-2.176799855987269794e+01
8.062900000000000000e+06,-1.659312906881413241e+01
8.063836000000000000e+06,-2.398015225077602119e-01
8.064768000000000000e+06,-4.410149376165312773e+00
8.065704000000000000e+06,-4.250689169712895676e+00
8.066640000000000000e+06,-6.373745176403600610e+00
8.067576000000000000e+06,-1.207617227759788392e+01
8.068512000000000000e+06,3.203896402177934277e+01
8.069444000000000000e+06,2.986788748637155422e+01
8.070380000000000000e+06,2.442101675541676187e+01
8.071316000000000000e+06,1.207221917959452284e+01
8.072252000000000000e+06,1.231264476043040901e+01
8.073184000000000000e+06,1.809230771979342123e+01
8.074120000000000000e+06,1.484682777147774413e+00
8.075056000000000000e+06,-1.387410781285449701e+01
8.075992000000000000e+06,-3.321215528464865230e+01
8.076924000000000000e+06,-1.589098046282238563e+01
8.077860000000000000e+06,-4.039423811975746403e+00
8.078796000000000000e+06,1.104862451203051599e+01
8.079732000000000000e+06,7.300964992039000734e+00
8.080664000000000000e+06,-1.583018947431039614e+01
8.081600000000000000e+06,-3.633221878995797738e+01
8.082536000000000000e+06,-5.939813187740434763e+00
8.083476000000000000e+06,-1.793581960713750201e+00
8.084404000000000000e+06,5.733367844682533132e+00
8.085340000000000000e+06,-6.400277238996076257e+00
8.086276000000000000e+06,-1.243045297213071088e+01
8.087212000000000000e+06,-1.230519658524490012e+01
8.088144000000000000e+06,-6.528161786388147370e+00
8.089080000000000000e+06,-8.643546036104723385e+00
8.090016000000000000e+06,3.172492714922183765e+00
8.090952000000000000e+06,4.965384653710928298e+00
8.091884000000000000e+06,-1.390699755216797406e+01
8.092820000000000000e+06,-5.928411914551566575e+00
8.093756000000000000e+06,-2.172875114383822392e+01
8.094688000000000000e+06,-2.147955245031972993e+01
8.095624000000000000e+06,-8.500688317500786795e+00
8.096560000000000000e+06,-1.521903832928494893e+01
8.097496000000000000e+06,-1.500777297154779788e+01
8.098432000000000000e+06,2.023548300600269201e+01
8.099364000000000000e+06,-1.137901216172109642e+01
8.100300000000000000e+06,7.811649845499881728e-01
8.101236000000000000e+06,-2.610899760655568169e+00
8.102172000000000000e+06,1.539603390385860848e+01
8.103104000000000000e+06,-7.118925820997469955e+00
8.104040000000000000e+06,5.759899907275008779e+00
8.104980000000000000e+06,-2.212328053620397306e+00
8.105912000000000000e+06,4.253093748430534227e+00
8.106844000000000000e+06,9.825220866271138220e+00
8.107780000000000000e+06,2.720960211257099814e+01
8.108716000000000000e+06,3.391917901167255422e+01
8.109652000000000000e+06,-5.142614667317181976e+00
8.110584000000000000e+06,9.235558187370292771e+00
8.111520000000000000e+06,1.287944978660060258e+01
8.112456000000000000e+06,9.215383801498818528e+00
8.113392000000000000e+06,-1.111552634240570825e+00
8.114324000000000000e+06,-7.566832137002853287e+00
8.115260000000000000e+06,4.889462875795328678e+00
8.116196000000000000e+06,7.061853491456246523e+00
8.117132000000000000e+06,-1.429214073245184347e+00
8.118064000000000000e+06,-1.539494340539410189e+01
8.119000000000000000e+06,-2.078298554051978275e+00
8.119936000000000000e+06,-8.242503786755033701e+00
8.120872000000000000e+06,-6.315582348397868806e+00
8.121804000000000000e+06,-1.400067827999343884e+01
8.122740000000000000e+06,-1.381090138838089665e+01
8.123676000000000000e+06,-1.194718637449733478e+01
8.124612000000000000e+06,-1.327567202127104551e+01
8.125544000000000000e+06,3.281304232151257771e+00
8.126484000000000000e+06,-7.357834735831366713e-01
8.127416000000000000e+06,1.368542141970646497e+01
8.128352000000000000e+06,1.523930193182248427e+00
8.129284000000000000e+06,6.939225265076696125e+00
8.130220000000000000e+06,7.982994318512179888e+00
8.131156000000000000e+06,-7.011428384021525240e+00
8.132092000000000000e+06,-1.287337079802113671e+01
8.133024000000000000e+06,-1.803174031307004910e+01
8.133960000000000000e+06,3.079855798523484234e-01
8.134896000000000000e+06,1.381067780659227573e+01
8.135832000000000000e+06,3.681190019439558370e+00
8.136764000000000000e+06,1.026046693518743247e+01
8.137700000000000000e+06,4.012668167594648949e+00
8.138636000000000000e+06,-2.151990122206268552e+01
8.139572000000000000e+06,5.601753781075723637e+00
8.140504000000000000e+06,-2.294607508256995665e+00
8.141440000000000000e+06,-9.490024059145278912e+00
8.142376000000000000e+06,-2.583053617809962343e+00
8.143312000000000000e+06,6.751863809425762142e+00
8.144244000000000000e+06,6.573543297354999204e+00
8.145180000000000000e+06,2.269395940160787717e+01
8.146116000000000000e+06,2.466559486362788878e+00
8.147052000000000000e+06,1.606209647818846342e+00
8.147988000000000000e+06,1.193813457367319408e+01
8.148920000000000000e+06,-4.056194056811756044e-01
8.149856000000000000e+06,-1.934882468665489341e+01
8.150792000000000000e+06,-8.439952435341702142e+00
8.151724000000000000e+06,-6.045996544463248412e+00
8.152660000000000000e+06,2.215500051828328765e+01
8.153596000000000000e+06,9.597455532524339361e+00
8.154532000000000000e+06,2.420954393607315680e+00
8.155464000000000000e+06,9.486070961141916058e+00
8.156400000000000000e+06,-3.759750815105388000e+00
8.157336000000000000e+06,-1.003670980579690664e+01
8.158272000000000000e+06,3.130291763202175392e-01
8.159204000000000000e+06,-2.347099439340362537e+01
8.160140000000000000e+06,-5.962615734118172028e+00
8.161076000000000000e+06,-1.730037637762665881e+01
8.162012000000000000e+06,-1.138668391869522800e+01
8.162944000000000000e+06,-1.776346858938855888e+01
8.163880000000000000e+06,-7.344220612429745998e+00
8.164816000000000000e+06,-1.310260256727461048e+00
8.165752000000000000e+06,1.695990153500033770e+01
8.166684000000000000e+06,1.541247877351534790e+01
8.167620000000000000e+06,2.052661238241482877e+01
8.168556000000000000e+06,2.036709706960950328e+01
8.169492000000000000e+06,-1.871618507550483912e+01
8.170424000000000000e+06,-1.581243052440053098e+01
8.171360000000000000e+06,2.034187908727015426e+01
8.172296000000000000e+06,1.494812758785322870e+01
8.173232000000000000e+06,-1.192518008624039005e+00
8.174164000000000000e+06,7.988037914980049337e+00
8.175100000000000000e+06,-1.203445431924889064e+01
8.176036000000000000e+06,-1.000754958269817152e+01
8.176972000000000000e+06,-1.317190410050984184e+01
8.177904000000000000e+06,-2.222977669138147050e+01
8.178840000000000000e+06,-2.478184341340278429e+00
8.179776000000000000e+06,-1.688294436497314521e+01
8.180712000000000000e+06,-1.049848793730567920e+01
8.181644000000000000e+06,-2.111188293365453106e+00
8.182580000000000000e+06,3.956920775550526681e+00
8.183516000000000000e+06,9.572079931993254576e+00
8.184452000000000000e+06,7.976636641791181148e+00
8.185384000000000000e+06,-1.139398777086176429e+00
8.186320000000000000e+06,-1.641738404882551849e+00
8.187256000000000000e+06,-1.206104148819427735e+01
8.188192000000000000e+06,1.097138865386178530e+01
8.189124000000000000e+06,9.649260683809071537e+00
8.190060000000000000e+06,2.366521081816323147e+00
8.190996000000000000e+06,5.389174343085444185e+00
8.191932000000000000e+06,9.040059354741902808e-01
8.192864000000000000e+06,1.588192866199824849e+01
8.193800000000000000e+06,2.272180554445348122e+01
8.195672000000000000e+06,-3.917896941304674474e+00
8.196604000000000000e+06,-8.455083224745312265e+00
8.197540000000000000e+06,-1.191424152883094756e+01
8.198476000000000000e+06,-2.141377297169278293e+01
8.199412000000000000e+06,-1.857952741543016018e+01
8.200344000000000000e+06,6.723534673209143886e-01
8.201280000000000000e+06,8.391653218483089205e+00
8.202216000000000000e+06,1.098415911365669473e+01
8.203152000000000000e+06,1.007573364004275973e+01
8.204084000000000000e+06,9.900149063255279103e-01
8.205020000000000000e+06,-4.952892882057551738e+00
8.205956000000000000e+06,-4.143191732736951849e+00
8.206892000000000000e+06,-1.764325579897061758e+01
8.207824000000000000e+06,-1.650454704380944548e+01
8.208760000000000000e+06,1.023125160573578540e+01
8.209696000000000000e+06,-4.789648053037484310e+00
8.210632000000000000e+06,9.359500494002976012e+00
8.211564000000000000e+06,2.954869680464035753e+00
8.212500000000000000e+06,3.664745149782820288e+00
8.213436000000000000e+06,-1.005052651494738569e+01
8.214372000000000000e+06,4.382855632060289608e-01
8.215304000000000000e+06,-4.723868574410534649e+00
8.216240000000000000e+06,-1.075273022729204087e+01
8.217176000000000000e+06,1.173379014864159853e+00
8.218112000000000000e+06,-1.728897510443778884e+01
8.219044000000000000e+06,2.580015109141381657e+01
8.219980000000000000e+06,7.331444558329061056e-01
8.220916000000000000e+06,-1.730217918048409631e+00
8.221852000000000000e+06,1.646558419561799269e+00
8.222784000000000000e+06,8.739631342647827594e+00
8.223720000000000000e+06,-1.423343210385519519e+01
8.224656000000000000e+06,-2.088484617495101858e+01
8.225592000000000000e+06,-1.278100415044879945e+01
8.226524000000000000e+06,-1.436000257099413702e+01
8.227460000000000000e+06,-1.659497354792419888e+00
8.228396000000000000e+06,-1.489633329381246440e+01
8.229332000000000000e+06,1.560729926159575953e+01
8.230264000000000000e+06,-1.428276671282540811e+01
8.231200000000000000e+06,-7.158173237031943970e+00
8.232136000000000000e+06,-1.088938788736671981e+01
8.233072000000000000e+06,-3.077721488632208846e+00
8.234004000000000000e+06,2.538009091825404084e+01
8.234940000000000000e+06,1.850601021623219822e+01
8.235876000000000000e+06,2.989073500030640762e+00
8.236812000000000000e+06,1.480953260933034921e+00
8.237744000000000000e+06,6.593717683226476112e+00
8.238680000000000000e+06,1.664229520234863458e+01
8.239616000000000000e+06,1.192541922023119483e+01
8.240552000000000000e+06,6.593717683226476112e+00
8.241484000000000000e+06,3.452165711792542169e+00
8.242420000000000000e+06,7.989239344598557668e-01
8.243356000000000000e+06,4.775607762098385223e+00
8.244292000000000000e+06,6.339475393240113554e+00
8.245224000000000000e+06,3.038463215353763403e+00
8.246160000000000000e+06,1.042234257760145866e+01
8.247096000000000000e+06,-1.395134367102322592e+01
8.248032000000000000e+06,-2.174015241702709389e+01
8.248964000000000000e+06,-8.294642014086033299e-01
8.249900000000000000e+06,-6.029551674806510775e+00
8.250836000000000000e+06,1.424592387550856998e+01
8.251772000000000000e+06,1.657273110115403725e+01
8.252704000000000000e+06,9.812505512829138965e+00
8.253640000000000000e+06,-1.075273022729204087e+01
8.254576000000000000e+06,2.704356906692412910e+00
8.255512000000000000e+06,-1.654379445984392305e+01
8.256444000000000000e+06,-2.378860072605532849e+01
8.257380000000000000e+06,-1.937672593585341119e+01
8.258316000000000000e+06,-3.137870184957229824e+01
8.259252000000000000e+06,3.925345116490182029e+00
8.261120000000000000e+06,-5.295717197048599445e+00
8.262056000000000000e+06,-1.755648624932406143e+00
8.262992000000000000e+06,-2.588097214277831348e+00
8.263924000000000000e+06,5.842179361911608027e+00
8.264860000000000000e+06,-2.026865143345769837e+01
8.265796000000000000e+06,-1.838602100760288138e+01
8.266732000000000000e+06,-1.337308226531125221e+01
8.267664000000000000e+06,-8.830852385402746307e+00
8.268600000000000000e+06,-1.225580686992177704e+01
8.269536000000000000e+06,1.409408031967737251e+01
8.270472000000000000e+06,6.471354849815689203e-01
8.271404000000000000e+06,8.853431349991859989e+00
8.272340000000000000e+06,-1.616166762246548672e+01
8.273276000000000000e+06,-8.369074253893973747e+00
8.274212000000000000e+06,-2.116231889833321667e+00
8.275144000000000000e+06,-2.337584440506208949e+00
8.276080000000000000e+06,-5.486808168914271810e+00
8.277016000000000000e+06,-2.589411294530961527e+00
8.277948000000000000e+06,-9.081365159174367818e+00
8.278884000000000000e+06,-2.379233024227006865e+01
8.279820000000000000e+06,-7.752879512400656203e+00
8.280756000000000000e+06,-1.155843646742913844e+00
8.281692000000000000e+06,1.669798748803984623e+01
8.282624000000000000e+06,-1.656869194286159086e+00
8.283560000000000000e+06,1.244798834025195688e+01
8.284496000000000000e+06,-4.466998123917912622e+00
8.285432000000000000e+06,1.330965225904903093e+01
8.286364000000000000e+06,1.079942581851202377e+01
8.287300000000000000e+06,3.462252904728280622e+00
8.288236000000000000e+06,-3.550900893329848262e+00
8.289172000000000000e+06,9.950585027933971372e-01
8.290104000000000000e+06,-7.415043687524565108e+00
8.291040000000000000e+06,-1.137528264550635981e+01
8.291976000000000000e+06,-5.594305605890215638e+00
8.292912000000000000e+06,3.979778428281174563e+00
8.293844000000000000e+06,4.188573243703803684e+00
8.294780000000000000e+06,8.963556947474064174e+00
8.295716000000000000e+06,5.390488423338574364e+00
8.296652000000000000e+06,-4.935133932147683922e+00
8.297584000000000000e+06,-7.043004043081870336e+00
8.298520000000000000e+06,-9.373540784942074211e+00
8.299456000000000000e+06,-2.230087003530265122e+00
8.300392000000000000e+06,-1.175740948288479260e+01
8.301324000000000000e+06,-4.497472427269778805e+00
8.302260000000000000e+06,-6.903930947045581412e+00
8.303196000000000000e+06,-1.726748663831318353e+01
8.304132000000000000e+06,-1.558976389347451175e+01
8.305064000000000000e+06,-2.197197264216789847e+00
8.306000000000000000e+06,4.790738551501993570e+00
8.306936000000000000e+06,8.058860990074867559e+00
8.307872000000000000e+06,-1.592403795912339604e+00
8.308804000000000000e+06,1.766771209979741908e+00
8.309740000000000000e+06,-9.829173964274499298e+00
8.310676000000000000e+06,-1.079702123979438255e+01
8.311612000000000000e+06,-7.621265448793844932e+00
8.312544000000000000e+06,2.024955740725494113e+00
8.313480000000000000e+06,1.834786409003291396e+01
8.314416000000000000e+06,2.394783735071911934e+01
8.315352000000000000e+06,2.572297033959799961e+01
8.316284000000000000e+06,2.076703796325071139e+01
8.317220000000000000e+06,-8.357672980705105559e+00
8.318156000000000000e+06,6.193831895938174625e+00
8.319092000000000000e+06,-1.124235450164641748e+01
8.320024000000000000e+06,5.652402470299064952e+00
8.320960000000000000e+06,9.235558187370292771e+00
8.321896000000000000e+06,5.408247373248442180e+00
8.322832000000000000e+06,4.130675808666837145e-01
8.323764000000000000e+06,6.947998377759303068e+00
8.324700000000000000e+06,1.994462146048811491e+01
8.326572000000000000e+06,4.969114169925667568e+00
8.327504000000000000e+06,3.408753191658231430e-01
8.328440000000000000e+06,2.239647234847474166e+01
8.329376000000000000e+06,-2.391254303268800996e+01
8.330312000000000000e+06,4.433291596738979656e-01
8.331244000000000000e+06,-1.283538235588688181e+01
8.332180000000000000e+06,-1.620249938757945429e+00
8.333116000000000000e+06,6.081290862494361349e+00
8.334052000000000000e+06,2.847020117372944803e-02
8.334984000000000000e+06,2.071764824792758830e+01
8.335920000000000000e+06,1.976630094841735286e+01
8.336856000000000000e+06,2.721974441185964722e+01
8.337792000000000000e+06,1.065641048171634253e+01
8.338724000000000000e+06,-2.366707385538425967e+01
8.339660000000000000e+06,-2.096208203311974572e+01
8.340596000000000000e+06,-5.954943977144042222e+00
8.341532000000000000e+06,-1.920152427852691801e+00
8.342464000000000000e+06,-4.540449359518992090e+00
8.343400000000000000e+06,-1.501281656801566911e+01
8.344336000000000000e+06,-1.559514056598864995e+00
8.345272000000000000e+06,-4.929424567856430794e-01
8.346204000000000000e+06,-7.789498767928868972e+00
8.347140000000000000e+06,1.436103796310573344e+01
8.348076000000000000e+06,1.214945503776325353e+01
8.349012000000000000e+06,-7.118925820997469955e+00
8.349944000000000000e+06,-8.482929367590916314e+00
8.350880000000000000e+06,-1.512798576196574096e+01
8.351816000000000000e+06,-1.870609788256910022e+01
8.352752000000000000e+06,4.295124505234209078e-01
8.353684000000000000e+06,8.157585314368203555e+00
8.354620000000000000e+06,2.324858229820240041e+00
8.355556000000000000e+06,1.644111703754722598e+01
8.356492000000000000e+06,2.357747969133714427e+00
8.357424000000000000e+06,-1.524688447213055476e+01
8.358360000000000000e+06,-1.815941213591747427e+01
8.359296000000000000e+06,-1.944623493069509834e+01
8.360232000000000000e+06,4.146697667163069312e+00
8.361164000000000000e+06,-1.193578510130846482e+01
8.362100000000000000e+06,1.783216079636479323e+00
8.363036000000000000e+06,-6.548336172259624277e+00
8.363972000000000000e+06,-6.509088756225150263e+00
8.364904000000000000e+06,-1.561761003632011757e+01
8.365840000000000000e+06,-1.074132895410317090e+01
8.366776000000000000e+06,2.951140164249296483e+00
8.367712000000000000e+06,4.683241114526048854e+00
8.368644000000000000e+06,1.015538493417309596e+01
8.369580000000000000e+06,2.219766090010112380e-01
8.370516000000000000e+06,6.585367581704366646e-01
8.371452000000000000e+06,5.319662910314955084e-01
8.372384000000000000e+06,6.807611201469884854e+00
8.373320000000000000e+06,1.187739869151411298e+01
8.374256000000000000e+06,6.463417699872795019e+00
8.375188000000000000e+06,-2.709624084948903278e+00
8.376124000000000000e+06,-6.315582348397868806e+00
8.377060000000000000e+06,-8.476571690869917575e+00
8.377996000000000000e+06,2.148898047358175134e+00
8.378932000000000000e+06,6.468461296340664468e+00
8.379864000000000000e+06,5.901656270170469121e+00
8.380800000000000000e+06,7.776772557242900064e+00
8.381736000000000000e+06,3.408753191658231430e-01
8.382672000000000000e+06,6.004110110678544387e+00
8.383604000000000000e+06,-1.004795346079403373e+01
8.384540000000000000e+06,2.252665968119380135e+00
8.385476000000000000e+06,1.749255784795683866e+01
8.386412000000000000e+06,1.210642299916112918e+01
8.387344000000000000e+06,1.762417191156364993e+01
8.388280000000000000e+06,-1.012507910625694230e+01
8.389216000000000000e+06,-6.901302786539321943e+00
8.390152000000000000e+06,-1.320479383982331711e+01
8.391084000000000000e+06,-1.462696021442249616e+01
8.392020000000000000e+06,-7.044318123335000514e+00
8.392956000000000000e+06,-1.437513336039774359e+01
8.393892000000000000e+06,-2.111188293365453106e+00
8.394824000000000000e+06,-1.108552245570026074e+01
8.395760000000000000e+06,1.293015358217685851e+01
8.396696000000000000e+06,9.835308059206873565e+00
8.397632000000000000e+06,9.822592705764877863e+00
8.398564000000000000e+06,1.190261667385345845e+01
8.399500000000000000e+06,-2.170594859746048400e+01
8.400436000000000000e+06,-1.909195423616227316e+01
8.401372000000000000e+06,-7.883179495754335520e+00
8.402304000000000000e+06,6.164884397384090775e+00
8.403240000000000000e+06,4.339102719281871856e+00
8.404176000000000000e+06,-1.439246159828011518e+00
8.405112000000000000e+06,7.956407149566793180e+00
8.406044000000000000e+06,8.777509572076262145e+00
8.406980000000000000e+06,-3.624407235283838791e+00
8.407916000000000000e+06,-7.278386027449886164e+00
8.408852000000000000e+06,-8.704281918263804485e+00
8.409784000000000000e+06,-2.360386986883945326e+00
8.410720000000000000e+06,-5.399485117809804002e+00
8.411656000000000000e+06,1.042234257760145866e+01
8.412592000000000000e+06,1.541883645023634841e+01
8.413524000000000000e+06,7.641428977421351298e+00
8.414460000000000000e+06,1.330592274283429255e+01
8.415396000000000000e+06,1.112586037019924312e+01
8.416332000000000000e+06,2.012240387283495302e+00
8.417264000000000000e+06,-1.844897183487337333e-02
8.418200000000000000e+06,-2.622356140197347862e+00
8.419136000000000000e+06,1.204058841418126669e+01
8.420072000000000000e+06,3.663431069529691442e+00
8.421004000000000000e+06,5.032478212591007249e+00
8.421940000000000000e+06,9.916273433590342634e+00
8.422876000000000000e+06,-2.159263928435446012e+00
8.423812000000000000e+06,-1.551515619581204319e+01
8.424744000000000000e+06,4.711753025195040134e-01
8.425680000000000000e+06,1.058048870380074469e+01
8.426616000000000000e+06,1.155606284264767147e+01
8.427552000000000000e+06,-9.053308729712911118e-01
8.428484000000000000e+06,1.767592195649547193e+01
8.429420000000000000e+06,-1.159663519617924621e+01
8.430356000000000000e+06,4.926082131323543223e+00
8.431292000000000000e+06,-2.006106292351117926e+00
8.432224000000000000e+06,4.454216806879033541e+00
8.433160000000000000e+06,-1.226216454664277578e+01
8.434096000000000000e+06,-2.317410054634732042e+00
8.435032000000000000e+06,3.925345116490182029e+00
8.435964000000000000e+06,-5.229937718421649784e+00
8.436900000000000000e+06,1.529358006335053588e+01
8.437836000000000000e+06,2.622399588714124619e+01
8.438768000000000000e+06,3.167449118454314760e+00
8.439704000000000000e+06,-1.511022681205587403e+01
8.440640000000000000e+06,5.111512935972650773e-02
8.441576000000000000e+06,-1.988279507986452899e+01
8.442512000000000000e+06,-1.232799913162263650e+01
8.443444000000000000e+06,-1.378174116528216153e+01
8.444380000000000000e+06,5.820690895787000940e+00
8.445316000000000000e+06,1.214435633494247391e+01
8.446252000000000000e+06,1.626384033690323250e+00
8.447184000000000000e+06,-1.151062622532790769e+01
8.448120000000000000e+06,5.727010167961534393e+00
8.449056000000000000e+06,-2.377719945286645853e+01
8.449992000000000000e+06,-1.366788605158521719e+01
8.450924000000000000e+06,5.553678146005729843e+00
8.451860000000000000e+06,1.280358311503791491e+01
8.452796000000000000e+06,1.344126632265584043e+01
8.453732000000000000e+06,1.022904645639002963e+00
8.454664000000000000e+06,8.533354475025637598e+00
8.455600000000000000e+06,5.466410201254173984e+00
8.456536000000000000e+06,-9.053308729712911118e-01
8.457472000000000000e+06,1.719901303558309280e+01
8.458404000000000000e+06,1.416868801733984107e+01
8.459340000000000000e+06,4.876747522353330311e+00
8.460276000000000000e+06,7.557835442531622760e+00
8.461212000000000000e+06,8.281527621000885020e+00
8.462144000000000000e+06,-1.396778854067996356e+01
8.463080000000000000e+06,-2.705167956816033126e+01
8.464016000000000000e+06,-2.883185615350707565e+01
8.464952000000000000e+06,-2.464895056459926792e+01
8.465884000000000000e+06,-1.109560964863599963e+01
8.466820000000000000e+06,6.484906165997401217e+00
8.467756000000000000e+06,8.605546736726498835e+00
8.468692000000000000e+06,1.915887931960664403e+01
8.469624000000000000e+06,2.041144318846475869e+01
8.470560000000000000e+06,-3.806512369922251615e+00
8.471496000000000000e+06,1.565033130019788388e+01
8.472432000000000000e+06,2.088215205084787485e+01
8.473364000000000000e+06,1.579707615320830172e+01
8.474300000000000000e+06,3.162405521986445756e+00
8.475236000000000000e+06,2.666368464558158013e+00
8.476172000000000000e+06,-8.994042108069901786e+00
8.477104000000000000e+06,8.831942883867254679e+00
8.478040000000000000e+06,-6.305495155462130796e+00
8.478976000000000000e+06,-1.132589293018323495e+01
8.479912000000000000e+06,-6.269977255642396052e+00
8.480844000000000000e+06,5.110815426468215961e+00
8.481780000000000000e+06,-6.405320835463944817e+00
8.482716000000000000e+06,-3.537084184179370983e+00
8.483652000000000000e+06,1.182170640582290133e+01
8.484584000000000000e+06,5.504343537035516931e+00
8.485520000000000000e+06,-1.549613827200195892e+01
8.486456000000000000e+06,6.565871540380870286e+00
8.487392000000000000e+06,1.716107969980174985e+01
8.488324000000000000e+06,2.512453454801454811e+01
8.489260000000000000e+06,1.187739869151411298e+01
8.490196000000000000e+06,-7.965193557422172166e-01
8.491128000000000000e+06,-1.428276671282540811e+01
8.492064000000000000e+06,-1.247101446841831596e+01
8.493000000000000000e+06,-1.217994019835908759e+01
8.493936000000000000e+06,-6.690037428802173558e+00
8.494872000000000000e+06,3.113015806663321783e+00
8.495804000000000000e+06,4.560445131158964993e-01
8.496740000000000000e+06,9.204508051309276961e-01
8.497676000000000000e+06,3.664745149782820288e+00
8.498612000000000000e+06,8.383981461508961175e+00
8.499544000000000000e+06,-2.632031563271694097e+01
8.500480000000000000e+06,-1.143475955376522002e+01
8.501416000000000000e+06,-6.919061736449188871e+00
8.502352000000000000e+06,9.115345396952351464e+00
8.503284000000000000e+06,4.244688540555514589e-01
8.504220000000000000e+06,1.861482173346127311e+01
8.505156000000000000e+06,9.796060643172401328e+00
8.506092000000000000e+06,-2.334069441004994516e+01
8.507024000000000000e+06,-8.217285804415688233e+00
8.507960000000000000e+06,4.675569357551919936e+00
8.508896000000000000e+06,6.471354849815689203e-01
8.509832000000000000e+06,2.560780114564792598e+01
8.510764000000000000e+06,1.129913728580213750e+01
8.511700000000000000e+06,-9.719048366792293336e+00
8.512636000000000000e+06,4.431414260501297164e+00
8.513572000000000000e+06,-1.016065211242958810e+01
8.514504000000000000e+06,5.275319229388501618e+00
8.515440000000000000e+06,3.238272193549133426e+00
8.516376000000000000e+06,-2.823479198645846733e+00
8.517312000000000000e+06,1.405031483017435745e+00
8.518244000000000000e+06,1.026046693518743247e+01
8.519180000000000000e+06,2.227447985780034223e+00
8.520116000000000000e+06,7.182066281874188718e+00
8.521052000000000000e+06,-1.700052899488482439e+01
8.521984000000000000e+06,3.460938824475150444e+00
8.522920000000000000e+06,2.199601842934428397e+00
8.523856000000000000e+06,7.080926521619245406e+00
8.524792000000000000e+06,6.578586893822868653e+00
8.525724000000000000e+06,8.249951961940540812e+00
8.526660000000000000e+06,1.675872337019892910e+01
8.527596000000000000e+06,2.713663243241348777e-01
8.528532000000000000e+06,1.384356754590574923e+01
8.529464000000000000e+06,-1.397918981386883175e+01
8.530400000000000000e+06,1.483368696894644012e+00
8.531336000000000000e+06,-1.378174116528216153e+01
8.532272000000000000e+06,-2.176164088315169920e+01
8.533204000000000000e+06,-1.931089135087355046e+01
8.534140000000000000e+06,-5.329976122968115959e+00
8.535076000000000000e+06,2.971314550120773390e+00
8.536012000000000000e+06,3.042560636376097083e-01
8.536944000000000000e+06,2.107235195362092028e+00
8.537880000000000000e+06,-9.081365159174367818e+00
8.538816000000000000e+06,-1.825309286374293904e+01
8.539752000000000000e+06,-1.237097606387184889e+01
8.540684000000000000e+06,-2.257265611272542927e+01
8.541620000000000000e+06,-8.477885771123046865e+00
8.542556000000000000e+06,-1.207748635785101499e+01
8.543492000000000000e+06,1.392316129575437822e+00
8.544424000000000000e+06,1.488865067959436672e+01
8.545360000000000000e+06,1.714332074989188115e+01
8.546296000000000000e+06,1.908472466522290523e+00
8.547228000000000000e+06,-2.009027581503402615e+01
8.548164000000000000e+06,-1.384121807354102351e+01
8.549100000000000000e+06,-1.098811221166005403e+01
8.550036000000000000e+06,-3.057547102760731939e+00
8.550972000000000000e+06,4.268224537834141685e+00
8.551904000000000000e+06,1.730278095634430002e+01
8.552840000000000000e+06,1.162184232127462025e+01
8.553776000000000000e+06,2.699313310224544349e+00
8.554712000000000000e+06,-1.149485970021914660e+00
8.555644000000000000e+06,9.393704313569580577e+00
8.556580000000000000e+06,4.078447646221599499e+00
8.557516000000000000e+06,1.148891417741467968e+01
8.558452000000000000e+06,-4.391076346002313890e+00
8.559384000000000000e+06,-8.646119090258073570e+00
8.560320000000000000e+06,-8.704281918263804485e+00
8.561256000000000000e+06,2.697999229971413726e+00
8.562192000000000000e+06,-2.138082812602639393e+01
8.563124000000000000e+06,-4.845395445081607910e+00
8.564060000000000000e+06,-2.041671036672124728e+01
8.564996000000000000e+06,-1.701193026807369080e+01
8.565932000000000000e+06,-5.809513204386754559e+00
8.566864000000000000e+06,-1.308458104940537403e+01
8.567800000000000000e+06,3.447122115324672720e+00
8.568736000000000000e+06,1.331469585551690038e+01
8.569672000000000000e+06,1.110437190407463781e+01
8.570604000000000000e+06,-1.448394487762681671e+01
8.571540000000000000e+06,-6.724241248368778123e+00
8.572476000000000000e+06,-7.752879512400656203e+00
8.573412000000000000e+06,6.315358766609246999e+00
8.574344000000000000e+06,3.440764438603673980e+00
8.575280000000000000e+06,3.238272193549133426e+00
8.576216000000000000e+06,-1.660321626174987131e+01
8.577152000000000000e+06,1.315080271406708690e+00
8.578084000000000000e+06,9.997183701620899754e+00
8.579020000000000000e+06,2.252665968119380135e+00
8.579956000000000000e+06,-1.307317977621650584e+01
8.580892000000000000e+06,-3.901452071647937281e+00
8.581824000000000000e+06,2.094519841920093661e+00
8.582760000000000000e+06,1.534017386117986437e+00
8.583696000000000000e+06,2.575371003591862440e+00
8.584632000000000000e+06,1.269850111402358017e+01
8.585564000000000000e+06,1.621340681015334084e+01
8.586500000000000000e+06,7.999439188168918413e+00
8.587436000000000000e+06,3.244304495090858387e-01
8.588372000000000000e+06,-4.086030902346553262e+01
8.589304000000000000e+06,-7.192377056598548535e+00
8.590240000000000000e+06,-2.006747326865628622e+01
8.591176000000000000e+06,-1.905402090038093021e+01
8.592112000000000000e+06,-5.698073526651420195e+00
8.593044000000000000e+06,9.524004296923260782e+00
8.593980000000000000e+06,7.061853491456246523e+00
8.594916000000000000e+06,-2.807034328989109540e+00
8.595852000000000000e+06,-3.057547102760731939e+00
8.596784000000000000e+06,5.014719262681140322e+00
8.597720000000000000e+06,2.019382015400660890e+01
8.598656000000000000e+06,2.564573448142926893e+01
8.599592000000000000e+06,1.408760999232175237e+00
8.600524000000000000e+06,-5.218536445232780707e+00
8.601460000000000000e+06,8.244908365472671363e+00
8.602396000000000000e+06,5.827048572507999680e+00
8.603332000000000000e+06,8.468889076651819892e+00
8.604264000000000000e+06,5.227298700671418885e+00
8.605200000000000000e+06,6.718974070112286867e+00
8.606136000000000000e+06,7.900714863875581528e+00
8.607072000000000000e+06,3.630486223863305106e+00
8.608004000000000000e+06,-1.428276671282540811e+01
8.608940000000000000e+06,-2.612213840908698792e+00
8.609876000000000000e+06,-5.313531253311378322e+00
8.610808000000000000e+06,1.315080271406708690e+00
8.611744000000000000e+06,-8.369074253893973747e+00
8.612680000000000000e+06,-1.277969007019567016e+01
8.613616000000000000e+06,-2.451439554203151516e+00
8.614552000000000000e+06,6.431842040812450811e+00
8.615484000000000000e+06,-3.666070087279921452e+00
8.616420000000000000e+06,-3.769838008041126010e+00
8.617356000000000000e+06,3.920301520022313024e+00
8.618292000000000000e+06,-1.662228929191287108e+01
8.619224000000000000e+06,-3.025270844785312718e+01
8.620160000000000000e+06,-2.354313154875157466e+01
8.621096000000000000e+06,-1.170171719719358094e+01
8.622032000000000000e+06,-1.439662182652234890e+01
8.622964000000000000e+06,-5.965031170079781120e+00
8.623900000000000000e+06,-3.885007201991199643e+00
8.624836000000000000e+06,9.573394012246382090e+00
8.625772000000000000e+06,-2.538762605307619324e+00
8.626704000000000000e+06,8.985045413598669484e+00
8.627640000000000000e+06,-1.759323034794234353e+00
8.628576000000000000e+06,3.939258180521981956e+01
8.629512000000000000e+06,5.124844860163344507e+00
8.630444000000000000e+06,-1.297072593570843324e+01
8.631380000000000000e+06,-1.043302613299101012e+00
8.632316000000000000e+06,-4.845395445081607910e+00
8.633252000000000000e+06,-6.430751542347941552e+00
8.634184000000000000e+06,-2.256761251625755804e+01
8.635120000000000000e+06,-1.389186676276436572e+01
8.636056000000000000e+06,-9.712690690071292821e+00
8.636992000000000000e+06,1.177998844747390628e+01
8.637924000000000000e+06,4.264495021619401527e+00
8.638860000000000000e+06,4.932439808044541962e+00
8.639796000000000000e+06,8.862469855643231309e-01
8.640732000000000000e+06,7.426221378924812377e+00
8.641664000000000000e+06,2.069111618533511532e+01
8.642600000000000000e+06,1.856722421590468963e+00
8.643536000000000000e+06,8.048773797139130437e+00
8.644472000000000000e+06,1.991740626232745281e-01
8.645404000000000000e+06,-6.674906639398566099e+00
8.646340000000000000e+06,-1.373466681201061856e+00
8.647276000000000000e+06,3.581151614893092194e+00
8.648212000000000000e+06,1.522780058472358711e+01
8.649144000000000000e+06,-1.543014080589216297e+00
8.650080000000000000e+06,-6.307910591423739888e+00
8.651016000000000000e+06,7.061853491456246523e+00
8.651952000000000000e+06,-1.116596230708439830e+00
8.652884000000000000e+06,-4.000176395941273277e+00
8.653820000000000000e+06,-1.432070004860674928e+01
8.654756000000000000e+06,1.950301771485082014e+01
8.655692000000000000e+06,1.162688591774248970e+01
8.656624000000000000e+06,8.591517303031370290e+00
8.657560000000000000e+06,-1.702374213131603309e-01
8.658496000000000000e+06,1.201142819108253157e+01
8.659432000000000000e+06,-2.355343390416076321e+00
8.660364000000000000e+06,-1.110701092182486960e+01
8.661300000000000000e+06,1.558076719900328300e+01
8.662236000000000000e+06,2.138317759839111787e+01
8.663172000000000000e+06,8.167727613656854402e+00
8.664104000000000000e+06,1.941304661554054400e-01
8.665040000000000000e+06,8.985045413598669484e+00
8.665976000000000000e+06,-5.285630004112861435e+00
8.666912000000000000e+06,2.109753143162530264e+00
8.667844000000000000e+06,-9.832903480489235903e+00
8.668780000000000000e+06,2.333542723179345302e+01
8.669716000000000000e+06,1.816313079488823945e+01
8.670652000000000000e+06,-1.631981374866477452e+01
8.671584000000000000e+06,-3.601604688906101970e+00
8.672520000000000000e+06,1.150672823367746034e+01
8.673456000000000000e+06,1.280105746637048370e+01
8.674392000000000000e+06,3.973420751560175823e+00
8.675324000000000000e+06,-6.521804109667147742e+00
8.676260000000000000e+06,-2.479196590139494560e+01
8.677196000000000000e+06,-1.894652346340498639e+01
8.678132000000000000e+06,-2.365062898572751848e+01
8.679064000000000000e+06,1.763715162455379293e-01
8.680000000000000000e+06,3.767198990290895999e+00
8.680936000000000000e+06,5.484111606882331458e-01
8.681872000000000000e+06,8.985045413598669484e+00
8.682804000000000000e+06,2.722115856602280282e+00
8.683740000000000000e+06,2.934695294592559289e+00
8.684676000000000000e+06,6.471354849815689203e-01
8.685612000000000000e+06,5.509387133503386380e+00
8.686544000000000000e+06,-1.076917509694877850e+01
8.687480000000000000e+06,-1.614643086305518338e-01
8.688416000000000000e+06,8.917896748365681248e+00
8.689352000000000000e+06,7.688135425885302965e+00
8.690284000000000000e+06,1.683333106786139766e+01
8.691220000000000000e+06,5.145019246034820526e+00
8.692156000000000000e+06,2.208374955617036672e+00
8.693092000000000000e+06,-8.379161446829712645e+00
8.694024000000000000e+06,4.355547588938608605e+00
8.694960000000000000e+06,5.771301180463877856e+00
8.695896000000000000e+06,7.982994318512179888e+00
8.696832000000000000e+06,-1.225407747937513614e+00
8.697764000000000000e+06,7.982994318512179888e+00
8.698700000000000000e+06,1.762154375105739135e+01
8.699636000000000000e+06,-9.053308729712911118e-01
8.700572000000000000e+06,-1.816386945020286581e-01
8.701504000000000000e+06,-6.142566029120648530e-01
8.702440000000000000e+06,4.297384760932876802e+00
8.703376000000000000e+06,-3.440988020392295788e+00
8.704312000000000000e+06,-1.888704655514612440e+01
8.705244000000000000e+06,-3.098911597976438870e+01
8.706180000000000000e+06,-2.462241850200679139e+01
8.707116000000000000e+06,-2.232850101567480650e+01
8.708048000000000000e+06,-2.552070167633207731e+01
8.708984000000000000e+06,-1.463200381089036384e+01
8.709920000000000000e+06,-4.260776362648633686e+00
8.710856000000000000e+06,1.669798748803984623e+01
8.711792000000000000e+06,1.381067780659227573e+01
8.712724000000000000e+06,5.386758907123834206e+00
8.713660000000000000e+06,8.157585314368203555e+00
8.714596000000000000e+06,6.125581874996705700e+00
8.715532000000000000e+06,4.149325827669328781e+00
8.716464000000000000e+06,1.230250246114175994e+01
8.717400000000000000e+06,-7.444203910623301113e+00
8.718340000000000000e+06,-7.402328334082567629e+00
8.719272000000000000e+06,-5.610750475546952387e+00
8.720204000000000000e+06,1.503035193613691511e+01
8.721140000000000000e+06,-4.151964845419559680e+00
8.722076000000000000e+06,-8.117247399869221169e+00
8.723012000000000000e+06,-2.937334312342789744e+00
8.723944000000000000e+06,2.236221098462642498e+00
8.724880000000000000e+06,-4.625144250117199540e+00
8.725816000000000000e+06,-5.229937718421649784e+00
8.726752000000000000e+06,7.905758460343450977e+00
8.727684000000000000e+06,2.978983869166103582e-01
8.728620000000000000e+06,-9.231839528399525818e+00
8.729556000000000000e+06,2.478538464288532595e+01
8.730492000000000000e+06,8.561255724224155372e+00
8.731424000000000000e+06,7.285834202635393275e+00
8.732360000000000000e+06,-2.436308764799544502e+00
8.733296000000000000e+06,-9.348322802602728743e+00
8.734232000000000000e+06,2.236221098462642498e+00
8.735164000000000000e+06,-6.667234882424436293e+00
8.736100000000000000e+06,-5.295617123138569582e-01
8.737036000000000000e+06,7.487012367436804539e+00
8.737972000000000000e+06,2.792825069457239096e+01
8.738904000000000000e+06,-2.713353601163642992e+00
8.739848000000000000e+06,-1.088303021064572107e+01
8.740776000000000000e+06,-4.833994171892738834e+00
8.741712000000000000e+06,-7.118925820997469955e+00
8.742644000000000000e+06,4.299800196894485893e+00
8.743580000000000000e+06,2.453618594936683550e+01
8.744516000000000000e+06,1.786832700861427270e+01
8.745452000000000000e+06,-4.321514682736513624e-01
8.746384000000000000e+06,5.967435748797418782e+00
8.747320000000000000e+06,-8.858698528248352133e+00
8.748256000000000000e+06,-1.279986445606714618e+01
8.749192000000000000e+06,5.964316894053154350e-01
8.750124000000000000e+06,1.036286566934259490e+01
8.751060000000000000e+06,-4.532777602544863171e+00
8.751996000000000000e+06,1.011235289557097339e+01
8.752932000000000000e+06,1.847312047691872650e+01
8.753864000000000000e+06,2.870174789865827858e+00
8.754800000000000000e+06,5.014719262681140322e+00
8.755736000000000000e+06,-5.469049219004403994e+00
8.756672000000000000e+06,8.609276252941235441e+00
8.757604000000000000e+06,-1.495339476610971730e+01
8.758540000000000000e+06,-9.598835576374350254e+00
8.759476000000000000e+06,-7.218964225543935243e+00
8.760412000000000000e+06,-7.645382075424710600e+00
8.761352000000000000e+06,-1.838602100760288138e+01
8.762280000000000000e+06,1.070925174356085030e+00
8.763216000000000000e+06,3.597596484549829832e+00
8.764152000000000000e+06,-5.089550542132230682e+00
8.765084000000000000e+06,-4.887058297077690128e+00
8.766020000000000000e+06,7.074568844898244890e+00
8.766956000000000000e+06,5.342467894621492519e+00
8.767892000000000000e+06,1.222532170932594120e+01
8.768824000000000000e+06,9.997183701620899754e+00
8.769760000000000000e+06,1.046027591338280338e+01
8.770696000000000000e+06,-1.019222777148993409e+01
8.771632000000000000e+06,3.091527340538715585e+00
8.772564000000000000e+06,2.704356906692412910e+00
8.773500000000000000e+06,3.701364405311035277e+00
8.774436000000000000e+06,2.837285050552353916e+00
8.775372000000000000e+06,2.042788805812149278e+01
8.776304000000000000e+06,9.786136331366597219e-01
8.777240000000000000e+06,-1.832901464165853866e+01
8.778176000000000000e+06,-3.278442335451474321e+01
8.779112000000000000e+06,4.762188989873727962e-01
8.780044000000000000e+06,3.803818245819109656e+00
8.780980000000000000e+06,5.947261362925941874e+00
8.781916000000000000e+06,-4.119075106106084405e+00
8.782856000000000000e+06,-3.296658603343486593e+00
8.783784000000000000e+06,7.552791846063754200e+00
8.784720000000000000e+06,6.349562586175852452e+00
8.785656000000000000e+06,6.064845992837624600e+00
8.786592000000000000e+06,5.014719262681140322e+00
8.787524000000000000e+06,8.063904586542737007e+00
8.788460000000000000e+06,7.887999510433584049e+00
8.789396000000000000e+06,-9.832903480489235903e+00
8.790332000000000000e+06,6.751863809425762142e+00
8.791264000000000000e+06,4.297384760932876802e+00
8.792200000000000000e+06,6.343204909454852825e+00
8.793136000000000000e+06,-1.343886174393820276e+01
8.794072000000000000e+06,-1.076544558073403834e+01
8.795004000000000000e+06,-1.427772311635753688e+01
8.795940000000000000e+06,-1.627683681641556035e+01
8.796876000000000000e+06,-1.829527747551589201e-01
8.797812000000000000e+06,7.046722702052639065e+00
8.798744000000000000e+06,-5.605706879079083826e+00
8.799680000000000000e+06,5.580265314951116551e+00
8.800616000000000000e+06,-1.729061455987019658e+00
8.801552000000000000e+06,-6.790075833348637957e+00
8.802484000000000000e+06,3.576108018425223634e+00
8.803420000000000000e+06,-5.610750475546952387e+00
8.804360000000000000e+06,6.431842040812450811e+00
8.805288000000000000e+06,2.744918402980016658e+00
8.806224000000000000e+06,7.557835442531622760e+00
8.807160000000000000e+06,5.977522941733157680e+00
8.808096000000000000e+06,1.494769970083512423e+00
8.809032000000000000e+06,5.160150035438427985e+00
8.809964000000000000e+06,-1.741423149132360138e+01
8.810900000000000000e+06,-1.197876203355767899e+01
8.811836000000000000e+06,6.887407926959407400e-02
8.812772000000000000e+06,1.004497383299387536e-01
8.813704000000000000e+06,-1.460920126451262924e+01
8.814640000000000000e+06,-6.574868234852099924e+00
8.815576000000000000e+06,4.422641147818687557e+00
8.816512000000000000e+06,-1.498497042517006328e+01
8.817444000000000000e+06,-9.605193253095348993e+00
8.818380000000000000e+06,3.281304232151257771e+00
8.819316000000000000e+06,-2.718397197631511997e+00
8.820252000000000000e+06,4.154369424137198230e+00
8.821184000000000000e+06,-7.118925820997469955e+00
8.822120000000000000e+06,-6.884857916882584306e+00
8.823056000000000000e+06,-6.662193723885366792e-01
8.823992000000000000e+06,2.264588376653788160e+01
8.824924000000000000e+06,2.583178185682707451e+01
8.825868000000000000e+06,1.975353048862244165e+01
8.826796000000000000e+06,1.136759759335945752e+00
8.827732000000000000e+06,4.851529540013984843e+00
8.828664000000000000e+06,2.658909432128679917e+00
8.829600000000000000e+06,-4.292352021708978782e+00
8.830536000000000000e+06,1.803787440800242692e+01
8.831472000000000000e+06,2.843437494493641893e+01
8.832404000000000000e+06,1.883244476791941935e+01
8.833340000000000000e+06,-1.004548291847951447e+01
8.834276000000000000e+06,-2.653032201655387112e+01
8.835212000000000000e+06,-9.495067655613146584e+00
8.836144000000000000e+06,-2.208807543483892033e+01
8.837080000000000000e+06,-3.274401947641887745e+01
8.838016000000000000e+06,-1.921348110683334554e+01
8.838952000000000000e+06,-2.617488485995965064e+01
8.839884000000000000e+06,-2.064442059411513242e+01
8.840820000000000000e+06,-3.084079165353207586e+00
8.841756000000000000e+06,1.708515792188615023e+01
8.842692000000000000e+06,-4.315154568086715159e+00
8.843624000000000000e+06,1.146122565276081495e+01
8.844560000000000000e+06,4.688284710993918303e+00
8.845496000000000000e+06,-8.309597345635111765e+00
8.846432000000000000e+06,-2.367474561235838593e+01
8.847372000000000000e+06,-1.735985328588552079e+01
8.848300000000000000e+06,-9.521654824558533292e+00
8.849236000000000000e+06,1.443695974102133306e+01
8.851104000000000000e+06,1.657141702090090618e+01
8.852040000000000000e+06,-7.115196304782730685e+00
8.852976000000000000e+06,1.342986504946697224e+01
8.853912000000000000e+06,1.611253244286715569e+00
8.854844000000000000e+06,7.770414880521902212e+00
8.855780000000000000e+06,-5.137571070849313415e+00
8.856716000000000000e+06,-1.052501999989815396e+01
8.857652000000000000e+06,-2.471851466579387235e+01
8.858584000000000000e+06,-1.294046435690121477e+01
8.859520000000000000e+06,7.764057203800902585e+00
8.860456000000000000e+06,1.235693577293275247e+01
8.861392000000000000e+06,1.585822537402719279e+00
8.862324000000000000e+06,-1.966890156162111936e+01
8.863260000000000000e+06,4.512379634884764457e+00
8.864196000000000000e+06,-7.636296164287422750e-01
8.865132000000000000e+06,-4.975695428435287226e+00
8.866064000000000000e+06,-2.224117796457034046e+01
8.867000000000000000e+06,-8.384205043297582094e+00
8.867936000000000000e+06,-4.163366118608427868e+00
8.868876000000000000e+06,1.396882393279156176e+01
8.869804000000000000e+06,2.709400503160281914e+00
8.870740000000000000e+06,8.730803123612309591e+00
8.871676000000000000e+06,7.128947050336325475e+00
8.872612000000000000e+06,-1.565816626966952896e+00
8.873544000000000000e+06,-2.151112810938007414e+01
8.874480000000000000e+06,-1.266079136003085814e+01
8.875416000000000000e+06,-1.725331939772279721e+00
8.876352000000000000e+06,2.575371003591862440e+00
8.877284000000000000e+06,5.352555087557230529e+00
8.878220000000000000e+06,2.068344442836098551e+01
8.879156000000000000e+06,1.381067780659227573e+01
8.880092000000000000e+06,8.140547238634630034e-01
8.881024000000000000e+06,-1.536205366608062661e+01
8.881960000000000000e+06,3.569750341704224450e+00
8.882896000000000000e+06,5.484111606882331458e-01
8.883832000000000000e+06,-2.480664855587266793e-02
8.884764000000000000e+06,-1.656528292596852836e+01
8.885700000000000000e+06,9.212755640992558170e+00
8.886636000000000000e+06,7.426221378924812377e+00
8.887572000000000000e+06,-2.610899760655568169e+00
8.888504000000000000e+06,4.142913044595418981e+00
8.889440000000000000e+06,1.757998097297133633e+00
8.890380000000000000e+06,1.901013434092811982e+00
8.891312000000000000e+06,8.343632689766009136e+00
8.892244000000000000e+06,3.943104066400049845e+00
8.893180000000000000e+06,6.169927993851959336e+00
8.894116000000000000e+06,7.094743230769720910e+00
8.895052000000000000e+06,-6.800163026284377743e+00
8.895984000000000000e+06,5.534547571561021506e-01
8.896920000000000000e+06,4.638950102023706279e+00
8.897856000000000000e+06,1.791261802111661794e+01
8.898792000000000000e+06,2.548385883901524807e+01
8.899724000000000000e+06,1.871354605775460911e+01
8.900660000000000000e+06,3.223141404145525968e+00
8.901596000000000000e+06,-1.658183274539289265e+00
8.902532000000000000e+06,3.880998997634927949e+00
8.903464000000000000e+06,6.251640254859480716e-02
8.904400000000000000e+06,-2.594454890998830532e+00
8.905336000000000000e+06,-1.197876203355767899e+01
8.906272000000000000e+06,-1.523548319894168479e+01
8.907204000000000000e+06,-8.002078205919149312e+00
8.908140000000000000e+06,5.117919051600190450e-01
8.909076000000000000e+06,9.359500494002976012e+00
8.910012000000000000e+06,-1.150053903239217057e+01
8.910944000000000000e+06,-1.678422004067980566e+01
8.911888000000000000e+06,-1.277333239347467142e+01
8.912816000000000000e+06,-1.088303021064572107e+01
8.913752000000000000e+06,1.299949482003101231e+00
8.914684000000000000e+06,-3.979476487070463531e-01
8.916556000000000000e+06,1.489726373615643418e+00
8.917492000000000000e+06,-4.964294155246419926e+00
8.918424000000000000e+06,-2.198935111054558078e+01
8.919360000000000000e+06,-9.582390706717614393e+00
8.920296000000000000e+06,6.854317649933836520e+00
8.921232000000000000e+06,8.869876219648597626e+00
8.922164000000000000e+06,-4.962980074993289747e+00
8.923100000000000000e+06,7.541445679227797072e+00
8.924036000000000000e+06,8.702901874413791816e+00
8.924972000000000000e+06,6.185058783255566794e+00
8.925904000000000000e+06,1.283504612346363816e+00
8.926840000000000000e+06,8.184117376960680090e+00
8.927776000000000000e+06,9.126746670141221429e+00
8.928712000000000000e+06,1.383348035297001033e+01
8.929644000000000000e+06,1.175082822437517116e+01
8.930580000000000000e+06,-8.455083224745312265e+00
8.931516000000000000e+06,-9.939680043288885436e-01
8.932452000000000000e+06,1.394097778994595771e+01
8.933392000000000000e+06,7.175708605153189978e+00
8.934320000000000000e+06,-1.243549656859858032e+01
8.935256000000000000e+06,-1.041988533045970833e+00
8.936192000000000000e+06,7.307322668759999473e+00
8.937124000000000000e+06,8.494107058991163584e+00
8.938060000000000000e+06,-1.545310623339983458e+01
8.938996000000000000e+06,-6.421765705120682455e+00
8.939932000000000000e+06,1.813024105557476418e+01
8.940864000000000000e+06,1.986869968257251884e+01
8.941800000000000000e+06,2.559771395271219063e+01
8.942736000000000000e+06,3.004253358858048983e+01
8.943672000000000000e+06,1.775447189491733013e+01
8.944604000000000000e+06,1.589709671809198088e+00
8.945540000000000000e+06,-1.142330317422343988e+01
8.946476000000000000e+06,-9.767124001862288907e+00
8.947412000000000000e+06,-1.813923775004599293e+01
8.948344000000000000e+06,8.291855132670704620e-01
8.949280000000000000e+06,-2.091269231779662263e+01
8.950216000000000000e+06,-1.390195395570010284e+01
8.951152000000000000e+06,-1.909831191288327190e+01
8.952084000000000000e+06,-3.161315023521936496e+00
8.953020000000000000e+06,-1.246334271144418615e+01
8.953956000000000000e+06,-1.665129189681986688e+01
8.954896000000000000e+06,9.443547072171434298e-01
8.955824000000000000e+06,-1.522839694717739834e+00
8.956760000000000000e+06,-1.487111531147312071e+01
8.957696000000000000e+06,-3.132527581088392354e-01
8.958632000000000000e+06,-1.875280433103305455e+01
8.959564000000000000e+06,6.646836914764338466e+00
8.960500000000000000e+06,6.033270333777279504e+00
8.961436000000000000e+06,3.129460676320059420e+00
8.962372000000000000e+06,1.975484456887557272e+01
8.963304000000000000e+06,1.299724714105693657e+01
8.964240000000000000e+06,2.285210552780716142e+01
8.965176000000000000e+06,1.657273110115403725e+01
8.966112000000000000e+06,1.959121155745632947e+00
8.967044000000000000e+06,-4.010263588877011287e+00
8.967980000000000000e+06,-4.252003249966025855e+00
8.968916000000000000e+06,-2.104299230115030639e+01
8.969852000000000000e+06,-1.690947642756561464e+01
8.970784000000000000e+06,-1.629196760581917047e+01
8.971720000000000000e+06,-1.958085763634035192e+00
8.972656000000000000e+06,1.491145322597210310e+01
8.973592000000000000e+06,6.872131706196616285e+00
8.974524000000000000e+06,2.264067241308247880e+00
8.975460000000000000e+06,-6.305495155462130796e+00
8.976400000000000000e+06,-1.289485926414574379e+01
8.977328000000000000e+06,-1.265969244225117807e+00
8.978264000000000000e+06,-7.232780934694413411e+00
8.979200000000000000e+06,1.049957843577018757e+01
8.980136000000000000e+06,-8.236146110034034962e+00
8.982004000000000000e+06,3.102928613727584217e+00
8.982940000000000000e+06,1.327171892326768621e+01
8.983876000000000000e+06,1.385123930287988081e+01
8.984812000000000000e+06,1.140421928681647223e+01
8.985744000000000000e+06,2.470289002577527704e+00
8.986680000000000000e+06,-7.735120562490788387e+00
8.987616000000000000e+06,-1.429926668883505414e+01
8.988548000000000000e+06,-1.162821085523959042e+01
8.989484000000000000e+06,-8.486658883805656473e+00
8.990420000000000000e+06,4.136610474227330414e+00
8.991356000000000000e+06,-2.370474179819683336e+00
8.992292000000000000e+06,-1.281100033628725043e+00
8.993224000000000000e+06,5.128574376378082889e+00
8.994160000000000000e+06,-5.781667061541148733e+00
8.995096000000000000e+06,-1.103613274037713943e+01
8.996032000000000000e+06,-4.979424944650027385e+00
8.996964000000000000e+06,4.927396211576672513e+00
8.997908000000000000e+06,-4.043053254280455922e-01
8.998836000000000000e+06,-1.879535825212176325e+00
8.999772000000000000e+06,2.198287762681298663e+00
9.000704000000000000e+06,-9.015585680547420822e+00
9.001640000000000000e+06,-1.907177985029079537e+01
9.002576000000000000e+06,-3.596505986085321460e+00
9.003508000000000000e+06,5.601753781075723637e+00
9.004444000000000000e+06,-7.416357767777695287e+00
9.005380000000000000e+06,2.303369763695632955e+00
9.006316000000000000e+06,1.238057137782630379e+00
9.007252000000000000e+06,1.490509554925110436e+01
9.008184000000000000e+06,1.971801258880270780e+01
9.009120000000000000e+06,6.374835674868108981e+00
9.010056000000000000e+06,7.775458476989769885e+00
9.010992000000000000e+06,8.063904586542737007e+00
9.011924000000000000e+06,-5.948586300423043483e+00
9.012860000000000000e+06,1.449643664928019327e+01
9.013796000000000000e+06,1.309202922459088114e+01
9.014732000000000000e+06,1.534034161816739861e+01
9.015664000000000000e+06,-1.010868934295311661e+01
9.016600000000000000e+06,-4.745357040535141735e+00
9.017536000000000000e+06,8.829472341552733639e+00
9.018472000000000000e+06,3.942552665088620500e+01
9.019412000000000000e+06,1.049453483930231812e+01
9.020340000000000000e+06,-3.132527581088392354e-01
9.021276000000000000e+06,7.263031656257656898e+00
9.022212000000000000e+06,2.553319344798545742e+01
9.023144000000000000e+06,-3.705317503314395466e+00
9.024080000000000000e+06,-1.268863750287646397e+01
9.025016000000000000e+06,-1.364266806924586994e+01
9.025952000000000000e+06,-1.726244304184531231e+01
9.026884000000000000e+06,-1.075535838779830122e+01
9.027820000000000000e+06,6.985931713540646903e+00
9.028756000000000000e+06,-5.137571070849313415e+00
9.029692000000000000e+06,3.945519502361658937e+00
9.030624000000000000e+06,-2.562315551684015702e+01
9.031560000000000000e+06,-8.570252418695384122e+00
9.032496000000000000e+06,-7.598462902416108555e+00
9.033432000000000000e+06,1.321728561147669367e+01
9.034364000000000000e+06,1.616407220118312793e+01
9.035300000000000000e+06,-8.774847301256853971e-01
9.036236000000000000e+06,-2.622301033844436358e+00
9.037172000000000000e+06,4.454216806879033541e+00
9.038104000000000000e+06,1.615771452446212564e+01
9.039040000000000000e+06,1.355774959685904335e+01
9.039976000000000000e+06,2.295587344856836864e+01
9.040916000000000000e+06,-7.333129312686166301e-01
9.041844000000000000e+06,-1.076040198426617067e+01
9.042780000000000000e+06,-1.509509602265226569e+01
9.043716000000000000e+06,-4.195242154286857073e+01
9.044652000000000000e+06,-2.012826425716827927e+01
9.045584000000000000e+06,-4.250689169712895676e+00
9.046520000000000000e+06,3.511642620051404151e+00
9.047456000000000000e+06,2.462219492021817047e+01
9.048392000000000000e+06,-2.488058809731365617e+00
9.049324000000000000e+06,1.434459309344899580e+01
9.050260000000000000e+06,2.901805555279084459e+00
9.051196000000000000e+06,-4.010263588877011287e+00
9.052132000000000000e+06,4.807183421158731207e+00
9.053064000000000000e+06,9.747985008102407534e+00
9.054000000000000000e+06,2.356433888880584693e+00
9.054936000000000000e+06,-4.059598197847223311e+00
9.055872000000000000e+06,3.244304495090858387e-01
9.056804000000000000e+06,-8.618272947412467744e+00
9.057740000000000000e+06,1.549980182461981570e+01
9.058676000000000000e+06,3.621309649800453911e+01
9.059612000000000000e+06,2.076703796325071139e+01
9.060544000000000000e+06,-1.549739724590217627e+01
9.061480000000000000e+06,-8.734756221615670668e+00
9.062420000000000000e+06,2.160299320547043322e+00
9.063348000000000000e+06,1.163291821928421621e+00
9.064284000000000000e+06,-7.307546250548621281e+00
9.065220000000000000e+06,-2.521449661686924770e+01
9.066156000000000000e+06,-1.182324406786465154e+01
9.067092000000000000e+06,3.330638841121469795e+00
9.068024000000000000e+06,5.341153814368362340e+00
9.068960000000000000e+06,-1.702374213131603309e-01
9.069896000000000000e+06,1.644111703754722598e+01
9.070832000000000000e+06,2.989073500030640762e+00
9.071764000000000000e+06,1.128269241614539986e+01
9.072700000000000000e+06,1.150031545060354787e+01
9.073636000000000000e+06,-5.427331260655409828e+00
9.074572000000000000e+06,-9.540727854721531287e+00
9.075504000000000000e+06,-1.498497042517006328e+01
9.076440000000000000e+06,1.431170335413552053e+01
9.077376000000000000e+06,-1.358335891797454398e+00
9.078312000000000000e+06,-2.595463366499524582e+01
9.079244000000000000e+06,-2.332419443404029735e+01
9.080180000000000000e+06,3.908900246833444392e+00
9.081116000000000000e+06,1.289090616614238094e+01
9.082052000000000000e+06,-9.196534353124441452e+00
9.082984000000000000e+06,-1.587360199444470821e+00
9.083924000000000000e+06,-2.480664855587266793e-02
9.084856000000000000e+06,6.092692135683230426e+00
9.085792000000000000e+06,-1.195887320898181283e-01
9.086724000000000000e+06,2.464368338634277933e+01
9.087660000000000000e+06,2.889368253413066867e+01
9.088596000000000000e+06,-2.342628036974077954e+00
9.089532000000000000e+06,-4.878285184395082297e+00
9.090464000000000000e+06,1.717752456945848749e+01
9.091400000000000000e+06,7.576908472694620755e+00
9.092336000000000000e+06,2.067335723542524661e+01
9.093272000000000000e+06,-1.416386800266059431e+01
9.094204000000000000e+06,-2.800308197402348043e+01
9.095140000000000000e+06,5.236071813354027604e+00
9.096076000000000000e+06,5.227298700671418885e+00
9.097012000000000000e+06,7.187109878342058167e+00
9.097944000000000000e+06,1.201274227133566264e+01
9.098880000000000000e+06,3.571207095046129609e+01
9.099816000000000000e+06,1.280358311503791491e+01
9.100752000000000000e+06,1.178422611332028858e+00
9.101684000000000000e+06,-2.351024180943809583e+01
9.102620000000000000e+06,-4.845395445081607910e+00
9.103556000000000000e+06,-4.000176395941273277e+00
9.104492000000000000e+06,-2.836194552087845100e+00
9.105428000000000000e+06,-1.821428103559356027e+00
9.106360000000000000e+06,4.449228316764075153e+00
9.107296000000000000e+06,4.254352722330752457e+00
9.108232000000000000e+06,-1.086527126073585414e+01
9.109164000000000000e+06,-8.628360140348204865e+00
9.110100000000000000e+06,6.729116369400936826e+00
9.111036000000000000e+06,-2.922203522939182729e+00
9.111972000000000000e+06,-2.158704988729567376e+01
9.112904000000000000e+06,-9.457134319831801861e+00
9.113840000000000000e+06,-3.324504746189092419e+00
9.114776000000000000e+06,-1.740918789485573370e+01
9.115712000000000000e+06,-1.963129360101904863e+00
9.116644000000000000e+06,1.152947567370228299e+01
9.117580000000000000e+06,3.277574715936518501e+00
9.118516000000000000e+06,-2.080125264006128916e+01
9.119452000000000000e+06,8.190983203313322303e-01
9.120384000000000000e+06,-9.126970251929844125e+00
9.121320000000000000e+06,-6.424393865626943700e+00
9.122256000000000000e+06,-6.307910591423739888e+00
9.123192000000000000e+06,2.841014566767092742e+00
9.124124000000000000e+06,-3.337220099631090342e+00
9.125060000000000000e+06,-9.064920289517631957e+00
9.125996000000000000e+06,-4.740313444067272286e+00
9.126932000000000000e+06,1.538463263066974207e+01
9.127864000000000000e+06,8.279112185039277705e+00
9.128800000000000000e+06,-6.440838735283680450e+00
9.129736000000000000e+06,5.759899907275008779e+00
9.130672000000000000e+06,6.181329267040827524e+00
9.131604000000000000e+06,1.079942581851202377e+01
9.132540000000000000e+06,-1.053137767661915447e+01
9.133476000000000000e+06,-2.098861409571222580e+01
9.134412000000000000e+06,-6.181988436714545010e-01
9.135344000000000000e+06,5.236071813354027604e+00
9.136280000000000000e+06,-4.257046846433894416e+00
9.137216000000000000e+06,-2.233858820861054184e+01
9.138152000000000000e+06,1.567812233669057953e+01
9.139084000000000000e+06,-3.404156040319430865e+00
9.140020000000000000e+06,3.160508713946908443e+01
9.140956000000000000e+06,3.266545868075304782e+01
9.141892000000000000e+06,3.547295944987853744e+01
9.142824000000000000e+06,-1.515167937743610471e+00
9.143760000000000000e+06,-1.919067856045560561e+01
9.144696000000000000e+06,-1.295690922655795241e+01
9.145632000000000000e+06,-2.391254303268800996e+01
9.146564000000000000e+06,-1.494993551872134008e+00
9.147500000000000000e+06,-2.702758258596262841e-01
9.148436000000000000e+06,1.012622471107436262e+01
9.149372000000000000e+06,-2.576695941088963160e+00
9.150304000000000000e+06,2.274329401057809008e+01
9.151240000000000000e+06,2.558926133935124803e+00
9.152176000000000000e+06,5.057696194930353606e+00
9.153112000000000000e+06,-1.477874866390078346e+01
9.154044000000000000e+06,-1.289990286061361147e+01
9.154980000000000000e+06,2.987759419777511027e+00
9.155916000000000000e+06,-6.908974543513450861e+00
9.156852000000000000e+06,2.328230800025558977e+01
9.157784000000000000e+06,3.327908036809301962e+01
9.158720000000000000e+06,2.864826846317982501e+01
9.159656000000000000e+06,1.665874007200537221e+01
9.160588000000000000e+06,-1.945763620388396831e+01
9.161524000000000000e+06,-2.071940877330978648e+00
9.162460000000000000e+06,-6.650790012767698656e+00
9.163396000000000000e+06,-2.575604724176278060e-01
9.164332000000000000e+06,-1.876179016826031543e+01
9.165264000000000000e+06,-5.939813187740434763e+00
9.166200000000000000e+06,-1.284042595235475126e+01
9.167136000000000000e+06,-6.173881091855320413e+00
9.168072000000000000e+06,-1.368301684098882376e+01
9.169004000000000000e+06,5.727010167961534393e+00
9.169940000000000000e+06,1.186226790211050464e+01
9.170876000000000000e+06,2.417686165836613910e+01
9.171812000000000000e+06,2.459566285762569748e+01
9.172744000000000000e+06,-2.088988977141888626e+01
9.173680000000000000e+06,-2.450724930805672130e+01
9.174616000000000000e+06,-8.210928127694687717e+00
9.175552000000000000e+06,-1.258859909832999868e+01
9.176484000000000000e+06,-1.013412004983711334e+01
9.177420000000000000e+06,4.158098940351937500e+00
9.178356000000000000e+06,1.379291885668240703e+01
9.179292000000000000e+06,1.411935340836962993e+01
9.180224000000000000e+06,-1.663989062363099691e+01
9.181160000000000000e+06,9.955520849624816648e+00
9.182096000000000000e+06,8.719401850423443179e+00
9.183032000000000000e+06,6.745561239057674463e+00
9.183964000000000000e+06,8.685142924503924888e+00
9.184900000000000000e+06,1.677763878217018600e+01
9.185836000000000000e+06,2.617033855587945546e+00
9.186772000000000000e+06,4.693328307461787752e+00
9.187704000000000000e+06,9.561992739057515678e+00
9.188640000000000000e+06,5.701792185622188924e+00
9.189576000000000000e+06,1.146846952271684206e+00
9.190512000000000000e+06,-9.796284224961024023e+00
9.191444000000000000e+06,3.254717063205871064e+00
9.192380000000000000e+06,-2.485643373769756526e+00
9.193316000000000000e+06,8.748457123754550535e-01
9.194252000000000000e+06,1.022904645639002963e+00
9.195184000000000000e+06,1.452055327591106071e+01
9.196120000000000000e+06,1.888177937688963226e+01
9.197056000000000000e+06,7.241543190133049812e+00
9.197992000000000000e+06,-8.248861463476032441e+00
9.198924000000000000e+06,9.544419001528816615e-01
9.199860000000000000e+06,3.739297741092379113e+00
9.200796000000000000e+06,-8.117247399869221169e+00
9.201732000000000000e+06,5.966121668544288603e+00
9.202664000000000000e+06,-4.937762092653944279e+00
9.203600000000000000e+06,-3.222019138249790160e+01
9.204536000000000000e+06,-1.495339476610971730e+01
9.205472000000000000e+06,-1.796969035065783871e+01
9.206404000000000000e+06,8.516909605368901737e+00
9.207340000000000000e+06,7.295921395571132173e+00
9.208276000000000000e+06,1.436745074617964413e+01
9.209212000000000000e+06,9.825220866271138220e+00
9.210144000000000000e+06,-4.974381348182157048e+00
9.211080000000000000e+06,-1.726748663831318353e+01
9.212016000000000000e+06,6.267283131539254093e+00
9.212952000000000000e+06,1.113726164338811309e+01
9.213884000000000000e+06,1.655497215124416854e+01
9.214820000000000000e+06,-4.702380108285929339e+00
9.215756000000000000e+06,2.923294021403690657e+00
9.216688000000000000e+06,-1.726488401833670583e+00
9.217624000000000000e+06,8.075360966084517145e+00
9.218560000000000000e+06,1.596662355259645594e+01
9.219496000000000000e+06,-8.057770491610359187e+00
9.220432000000000000e+06,-8.661304986014592089e+00
9.221364000000000000e+06,3.625497733748346718e+00
9.222300000000000000e+06,-3.886321282244329378e+00
9.223236000000000000e+06,-5.326191500400464740e+00
9.224172000000000000e+06,-1.520259345962821129e+01
9.225104000000000000e+06,-2.426221571863806048e+00
9.226040000000000000e+06,3.307881262300851333e-01
9.226976000000000000e+06,-2.670376668914429708e+00
9.227912000000000000e+06,1.644111703754722598e+01
9.228844000000000000e+06,1.314273302016713529e+01
9.229780000000000000e+06,2.544461142298077050e+01
9.230716000000000000e+06,8.589101867069761198e+00
9.231652000000000000e+06,7.614786702123053530e+00
9.232584000000000000e+06,8.360077559422744997e+00
9.233520000000000000e+06,2.458942835741570576e+00
9.234456000000000000e+06,-2.480664855587266793e-02
9.235388000000000000e+06,-2.857498570301445895e+01
9.236324000000000000e+06,-2.380000199924419491e+01
9.237260000000000000e+06,-1.797231851116410084e+01
9.238196000000000000e+06,-8.142783056520846996e-01
9.239132000000000000e+06,6.432957560610073067e-01
9.240064000000000000e+06,3.105472698295562850e+01
9.241000000000000000e+06,1.290735103579912035e+01
9.241936000000000000e+06,1.531444331964638028e+00
9.242872000000000000e+06,-2.162256778711540761e+01
9.243804000000000000e+06,-1.361466430820852658e+01
9.244740000000000000e+06,1.837702431313164553e+01
9.245676000000000000e+06,1.196472174261857901e+01
9.246612000000000000e+06,2.253208375919385276e+01
9.247544000000000000e+06,-1.130067494784388948e+01
9.248480000000000000e+06,-2.606234382651584269e+01
9.249416000000000000e+06,-2.259808681960942067e+01
9.250352000000000000e+06,6.679726654077812853e+00
9.251284000000000000e+06,1.041482843881906817e+01
9.252220000000000000e+06,6.756962512246542651e+00
9.253156000000000000e+06,-1.527851523754381091e+01
9.254092000000000000e+06,-4.043053254280455922e-01
9.255024000000000000e+06,1.473050455339507891e+01
9.255960000000000000e+06,1.379423293693553809e+01
9.256896000000000000e+06,6.679726654077812853e+00
9.257832000000000000e+06,-1.919067856045560561e+01
9.258764000000000000e+06,-4.993001335066424851e-01
9.259700000000000000e+06,7.950104579198705501e+00
9.260636000000000000e+06,3.118727142588272327e-01
9.261572000000000000e+06,1.165919982434681312e+00
9.262504000000000000e+06,1.441048278478176847e+01
9.263440000000000000e+06,2.065691236576851253e+01
9.264376000000000000e+06,-3.123326581387681600e+00
9.265312000000000000e+06,-6.717938678000689556e+00
9.266244000000000000e+06,-1.026442003319079355e+01
9.267180000000000000e+06,-1.676908925127620265e+01
9.268116000000000000e+06,-1.579094205827592390e+01
9.269052000000000000e+06,1.831366027046630762e+01
9.269984000000000000e+06,7.597082858566096775e+00
9.270920000000000000e+06,8.507290857445886090e-01
9.271856000000000000e+06,-2.324197008575660917e+01
9.272792000000000000e+06,-1.696889822947156645e+01
9.273724000000000000e+06,8.583457363658062445e-01
9.274660000000000000e+06,-1.124366858189954677e+01
9.275596000000000000e+06,-5.012314683963501771e+00
9.276532000000000000e+06,1.487220580993762731e+01
9.277464000000000000e+06,1.967387919449210187e+01
9.278400000000000000e+06,1.633230552031815108e+01
9.279336000000000000e+06,2.017737528434987127e+01
9.280272000000000000e+06,9.420291482514967285e+00
9.281204000000000000e+06,-3.231760162653809942e+01
9.282140000000000000e+06,-2.980868926625422333e+01
9.283076000000000000e+06,-2.938227141637344886e+01
9.284012000000000000e+06,-4.627772410623459898e+00
9.284944000000000000e+06,-6.581225911573099552e+00
9.285880000000000000e+06,2.185005443272067183e+01
9.286816000000000000e+06,1.892743957599801519e+01
9.287752000000000000e+06,1.954867791395921017e+01
9.288684000000000000e+06,5.334741031294451652e+00
9.289620000000000000e+06,9.486070961141916058e+00
9.290556000000000000e+06,-2.399350840707148080e+01
9.291492000000000000e+06,-4.524004489862254452e+00
9.292424000000000000e+06,-5.932141430766305845e+00
9.293360000000000000e+06,-3.308059876532354782e+00
9.294296000000000000e+06,-3.825530293732337661e+00
9.295232000000000000e+06,-1.620249938757945429e+00
9.296164000000000000e+06,-9.825667311400202442e-01
9.297100000000000000e+06,2.700627390477674084e+00
9.298036000000000000e+06,-8.475257610616788284e+00
9.298972000000000000e+06,2.858747747466783196e+01
9.299904000000000000e+06,2.545469861591650584e+01
9.300840000000000000e+06,1.240527680097150753e+00
9.301776000000000000e+06,-2.064442059411513242e+01
9.302712000000000000e+06,-2.705540908437507142e+01
9.303644000000000000e+06,-2.071940877330978648e+00
9.304580000000000000e+06,2.951140164249296483e+00
9.305516000000000000e+06,5.543646059422902006e+00
9.306452000000000000e+06,1.825549744246057671e+01
9.307384000000000000e+06,2.343718535438586770e+00
9.308320000000000000e+06,5.900287083564427881e+00
9.309256000000000000e+06,8.419008667090686071e-01
9.310188000000000000e+06,4.503606522202157514e+00
9.311124000000000000e+06,1.199125380521105555e+01
9.312060000000000000e+06,5.484111606882331458e-01
9.312996000000000000e+06,4.416283471097688818e+00
9.313932000000000000e+06,1.476975196942955293e+01
9.314864000000000000e+06,1.272103339157495405e+00
9.315800000000000000e+06,-9.872206002876621866e+00
9.316736000000000000e+06,-1.194718637449733478e+01
9.317672000000000000e+06,-5.209763332550172876e+00
9.318604000000000000e+06,7.076984280859853982e+00
9.319540000000000000e+06,-1.787732370308550500e+01
9.320476000000000000e+06,4.332689936207961168e+00
9.321412000000000000e+06,1.185963974160424428e+01
9.322344000000000000e+06,4.154369424137198230e+00
9.323280000000000000e+06,7.824790648031183515e-01
9.324216000000000000e+06,1.543396723963995321e+01
9.325152000000000000e+06,1.570602358588909553e+01
9.326084000000000000e+06,5.838449845696867868e+00
9.327020000000000000e+06,1.477983916236529183e+01
9.327956000000000000e+06,1.306418308174527709e+01
9.328892000000000000e+06,-1.472809997467743948e+01
9.329824000000000000e+06,-1.270376829228007054e+01
9.330760000000000000e+06,-6.194055477726796433e+00
9.331696000000000000e+06,-3.521953394775763080e+00
9.332632000000000000e+06,-5.100951815321098870e+00
9.333564000000000000e+06,-1.508369474946339928e+01
9.334500000000000000e+06,-4.861840314738344659e+00
9.335436000000000000e+06,-2.584367698063092078e+00
9.336372000000000000e+06,-2.097085514580235355e+01
9.337304000000000000e+06,-1.150053903239217057e+01
9.338240000000000000e+06,3.030181947503471918e+01
9.339176000000000000e+06,1.148161032524814384e+00
9.340112000000000000e+06,1.293256901813846582e+01
9.341044000000000000e+06,-6.690037428802173558e+00
9.341980000000000000e+06,6.130625471464574261e+00
9.342916000000000000e+06,5.510701213756516559e+00
9.343852000000000000e+06,-6.210500347383533182e+00
9.344784000000000000e+06,-4.174767391797296057e+00
9.345720000000000000e+06,-1.751799941208480504e+01
9.346656000000000000e+06,-3.548485457368239615e+00
9.347592000000000000e+06,-2.307368166026867584e+01
9.348524000000000000e+06,5.878798617439821683e+00
9.349460000000000000e+06,-2.217371650088266311e+00
9.350396000000000000e+06,9.887008260723979536e-01
9.351332000000000000e+06,7.471826471680286019e+00
9.352264000000000000e+06,9.354456897535106563e+00
9.353200000000000000e+06,1.856722421590468963e+00
9.354136000000000000e+06,6.115494682060966802e+00
9.355072000000000000e+06,1.668022853812998108e+01
9.356004000000000000e+06,1.051097970895905576e+01
9.356940000000000000e+06,2.161094293213791673e+01
9.357876000000000000e+06,1.405031483017435745e+00
9.358812000000000000e+06,3.887411780708838194e+00
9.359744000000000000e+06,7.790589266393377343e+00
9.360680000000000000e+06,4.271954054048880067e+00
9.361616000000000000e+06,-1.560116516666338171e+01
9.362552000000000000e+06,5.370098874993647353e-01
9.363484000000000000e+06,1.175214230462830045e+01
9.364420000000000000e+06,1.296677283770507039e+01
9.365356000000000000e+06,1.043242977053719578e+01
9.366292000000000000e+06,-1.887060168548938677e+01
9.367224000000000000e+06,-1.883771194617591149e+01
9.368160000000000000e+06,-2.199570878726658307e+01
9.369096000000000000e+06,-2.429335578981331523e+01
9.370032000000000000e+06,2.361477485348453698e+00
9.370964000000000000e+06,-2.589411294530961527e+00
9.371900000000000000e+06,2.224819825273774310e+00
9.372836000000000000e+06,7.279476525914393648e+00
9.373772000000000000e+06,-1.113485706467047365e+01
9.374704000000000000e+06,-6.232424401393237279e-01
9.375640000000000000e+06,-1.501786016448353855e+01
9.376576000000000000e+06,7.061853491456246523e+00
9.377512000000000000e+06,4.704729580650655940e+00
9.378444000000000000e+06,-1.092227762668019508e+01
9.379380000000000000e+06,1.201778586780353031e+01
9.380316000000000000e+06,2.100877518641093289e+00
9.381252000000000000e+06,7.938648199656926252e+00
9.382184000000000000e+06,-1.281100033628725043e+00
9.383120000000000000e+06,-1.595544586119620867e+01
9.384056000000000000e+06,2.371564678284191707e+00
9.384992000000000000e+06,-1.273665803159354759e+01
9.385924000000000000e+06,-1.498497042517006328e+01
9.386860000000000000e+06,5.639687116857066584e+00
9.387796000000000000e+06,2.486733872234265341e+00
9.388732000000000000e+06,-8.689151128860196138e+00
9.389664000000000000e+06,1.559085439193902189e+01
9.390600000000000000e+06,5.547688374092323293e-01
9.391536000000000000e+06,-5.308757925669869149e-01
9.392472000000000000e+06,2.219766090010112380e-01
9.393404000000000000e+06,-6.826695088876853390e+00
9.394340000000000000e+06,-5.714518396308157833e+00
9.395276000000000000e+06,1.095121426799030750e+01
9.396212000000000000e+06,-2.451439554203151516e+00
9.397144000000000000e+06,4.299800196894485893e+00
9.398080000000000000e+06,6.941640701038304329e+00
9.399016000000000000e+06,6.844230456998098511e+00
9.399952000000000000e+06,1.573255564848157029e+01
9.400884000000000000e+06,-1.051866232317715699e+01
9.401820000000000000e+06,-6.908974543513450861e+00
9.402756000000000000e+06,-9.939680043288885436e-01
9.403692000000000000e+06,-1.109137198278962178e+00
9.404624000000000000e+06,-6.839783222984043842e-01
9.405560000000000000e+06,8.063904586542737007e+00
9.406496000000000000e+06,-4.641589119773936289e+00
9.407428000000000000e+06,7.933604603189056803e+00
9.408364000000000000e+06,1.654357087805529858e+01
9.409300000000000000e+06,-1.213055048303596450e+01
9.410236000000000000e+06,3.440764438603673980e+00
9.411172000000000000e+06,1.863631019958588197e+01
9.412104000000000000e+06,7.748926414397296014e+00
9.413040000000000000e+06,1.272103339157495405e+00
9.413976000000000000e+06,-4.990826217838894685e+00
9.414912000000000000e+06,-3.532040587711502422e+00
9.415844000000000000e+06,-2.269791249961124180e+01
9.416780000000000000e+06,-6.566095122169492093e+00
9.417716000000000000e+06,1.467102764513621871e+01
9.418652000000000000e+06,1.023125160573578540e+01
9.419584000000000000e+06,-3.411827797293559339e+00
9.420520000000000000e+06,-1.594908818447520993e+01
9.421456000000000000e+06,8.750977509483785610e+00
9.422392000000000000e+06,-1.256075295548439286e+01
9.423324000000000000e+06,4.540225777730371171e+00
9.424260000000000000e+06,8.058860990074867559e+00
9.425196000000000000e+06,-4.887058297077690128e+00
9.426132000000000000e+06,-9.071277966238628920e+00
9.427064000000000000e+06,-1.038463282360873663e+01
9.428000000000000000e+06,-4.929424567856430794e-01
9.428936000000000000e+06,6.471354849815689203e-01
9.429872000000000000e+06,6.577272813569738474e+00
9.430804000000000000e+06,1.675984035629296542e-01
9.431740000000000000e+06,1.369177909642746371e+01
9.432676000000000000e+06,1.233040371034027416e+01
9.433612000000000000e+06,2.487906537071079427e+01
9.434544000000000000e+06,9.187537658653212702e+00
9.435480000000000000e+06,-1.067176485290857180e+01
9.436416000000000000e+06,4.299800196894485893e+00
9.437352000000000000e+06,3.076396551135108126e+00
9.438284000000000000e+06,-3.232631963286779353e+01
9.439220000000000000e+06,8.400486867320133832e-02
9.440156000000000000e+06,-4.379675072813445702e+00
9.441092000000000000e+06,4.154369424137198230e+00
9.442024000000000000e+06,-1.494993551872134008e+00
9.442960000000000000e+06,-2.002318225615394454e+01
9.443896000000000000e+06,-1.746820405896887030e+00
9.444832000000000000e+06,-9.582390706717614393e+00
9.445764000000000000e+06,-7.550387267346115650e+00
9.446700000000000000e+06,2.727159453070150175e+00
9.447636000000000000e+06,1.098284503340356544e+01
9.448572000000000000e+06,3.452165711792542169e+00
9.449504000000000000e+06,2.464368338634277933e+01
9.450440000000000000e+06,1.513843000246509973e+00
9.451376000000000000e+06,5.843493442164738205e+00
9.452312000000000000e+06,7.688135425885302965e+00
9.453244000000000000e+06,3.912629763048183218e+00
9.454180000000000000e+06,3.205382454235658152e+00
9.455116000000000000e+06,5.390488423338574364e+00
9.456052000000000000e+06,2.493091548955264525e+00
9.456984000000000000e+06,-3.324504746189092419e+00
9.457920000000000000e+06,1.043374385079032507e+01
9.458856000000000000e+06,2.851101759702831195e+00
9.459792000000000000e+06,-8.705595998516933776e+00
9.460724000000000000e+06,3.956920775550526681e+00
9.461660000000000000e+06,1.521508523128158785e+01
9.462596000000000000e+06,2.345185539964374399e+01
9.463532000000000000e+06,1.658281829408977259e+01
9.464464000000000000e+06,-3.590148309364322277e+00
9.465400000000000000e+06,1.427004050213943920e+01
9.466336000000000000e+06,3.205809215829524561e+01
9.467272000000000000e+06,2.667568682571427985e+01
9.468204000000000000e+06,-3.377568871374043269e+00
9.469140000000000000e+06,-8.983954915134162889e+00
9.470076000000000000e+06,-3.472618785805551056e+00
9.471012000000000000e+06,-1.170171719719358094e+01
9.471944000000000000e+06,-2.544352092451626035e+01
9.472880000000000000e+06,-1.527883291185609060e+00
9.473816000000000000e+06,1.600082737216305873e+01
9.474752000000000000e+06,1.030344386743664487e+01
9.475684000000000000e+06,6.686084330798812481e+00
9.476620000000000000e+06,6.219262602822172248e+00
9.477556000000000000e+06,1.924110366789032867e+01
9.478492000000000000e+06,1.570602358588909553e+01
9.479424000000000000e+06,5.804246026130263303e+00
9.480360000000000000e+06,5.014719262681140322e+00
9.481296000000000000e+06,4.050601503375993673e+00
9.482232000000000000e+06,8.020927654293524611e+00
9.483164000000000000e+06,-1.273665803159354759e+01
9.484100000000000000e+06,-3.533016769487148423e+01
9.485036000000000000e+06,-7.966773030644064946e+00
9.485972000000000000e+06,-2.235130599998133683e+00
9.486904000000000000e+06,2.466559486362788878e+00
9.487840000000000000e+06,-2.126319082769060120e+00
9.488776000000000000e+06,2.092891360566473935e+01
9.489712000000000000e+06,2.862036721398131078e+01
9.490644000000000000e+06,2.099474819064460007e+01
9.491580000000000000e+06,-3.934341810961411667e+00
9.492516000000000000e+06,-1.551066319095528723e-01
9.493448000000000000e+06,8.387923702268349047e+00
9.494384000000000000e+06,9.949163172903816132e+00
9.495320000000000000e+06,-1.516482017996740428e+00
9.496256000000000000e+06,-9.811415014364628817e+00
9.497192000000000000e+06,-5.638230761621729203e-02
9.498124000000000000e+06,2.080703132769616381e+00
9.499060000000000000e+06,1.530287869903247167e+00
9.499996000000000000e+06,1.045397334301471304e+01
9.500932000000000000e+06,-8.351315303984106819e+00
9.501864000000000000e+06,-2.333854924291469235e+00
9.502800000000000000e+06,-1.119224391214699965e+00
9.503736000000000000e+06,-2.498042871275436028e+01
9.504672000000000000e+06,-1.439793590677547996e+01
9.505604000000000000e+06,-3.814129020543469473e+00
9.506540000000000000e+06,5.233656377392418513e+00
9.507476000000000000e+06,1.330592274283429255e+01
9.508412000000000000e+06,1.265683826202749707e+01
9.509344000000000000e+06,1.120172704176193079e+01
9.510280000000000000e+06,1.789996767517982867e-01
9.511216000000000000e+06,-1.358335891797454398e+00
9.512152000000000000e+06,-2.655438353683182839e+01
9.513084000000000000e+06,-2.171230627418148629e+01
9.514020000000000000e+06,1.398673806296437228e+00
9.514956000000000000e+06,1.871354605775460911e+01
9.515892000000000000e+06,1.964477407774628048e+01
9.516824000000000000e+06,8.609276252941235441e+00
9.517760000000000000e+06,1.359305477213412772e+01
9.518696000000000000e+06,1.377778806727880223e+01
9.519632000000000000e+06,-2.291049193760152036e+01
9.520564000000000000e+06,-3.146996714143615392e+01
9.521500000000000000e+06,-3.280218230442461191e+01
9.522436000000000000e+06,-1.402852442283904466e+01
9.523372000000000000e+06,-3.123326581387681600e+00
9.524304000000000000e+06,-1.500141529482679914e+01
9.525240000000000000e+06,-4.870613427420952490e+00
9.526176000000000000e+06,6.092692135683230426e+00
9.527112000000000000e+06,-1.482278198430135863e+00
9.528044000000000000e+06,1.554782235333689755e+01
9.528980000000000000e+06,-1.135883777584962218e+01
9.529916000000000000e+06,-1.093367889986906327e+01
9.530852000000000000e+06,-3.628136751498577617e+00
9.531784000000000000e+06,-1.543014080589216297e+00
9.532720000000000000e+06,5.500614020820778549e+00
9.533656000000000000e+06,8.615633929662234181e+00
9.534592000000000000e+06,7.149176542560713443e+00
9.535524000000000000e+06,1.262389341636111162e+01
9.536460000000000000e+06,1.573891332520256903e+01
9.537396000000000000e+06,-1.498723068086873056e+00
9.538332000000000000e+06,7.979264802297441506e+00
9.539264000000000000e+06,1.075968770823954035e+00
9.540200000000000000e+06,-1.854317842872831079e+00
9.541136000000000000e+06,6.696171523734550490e+00
9.542072000000000000e+06,3.423005488693806608e+00
9.543004000000000000e+06,-9.200263869339181610e+00
9.543940000000000000e+06,1.611253244286715569e+00
9.544876000000000000e+06,8.017198138078786229e+00
9.545812000000000000e+06,5.406933292995311113e+00
9.546744000000000000e+06,6.773407381903279401e+00
9.547680000000000000e+06,3.706408001778903838e+00
9.548616000000000000e+06,-1.486607171500524949e+01
9.549552000000000000e+06,-1.545310623339983458e+01
9.550484000000000000e+06,1.405031483017435745e+00
9.551420000000000000e+06,1.994462146048811491e+01
9.552356000000000000e+06,1.762548599181677744e+01
9.553292000000000000e+06,1.870345886481887021e+01
9.554224000000000000e+06,2.308413360163502404e+00
9.555160000000000000e+06,5.918046033474295697e+00
9.556096000000000000e+06,-5.137571070849313415e+00
9.557032000000000000e+06,-2.338898520759339128e+00
9.557964000000000000e+06,-2.343432003152249976e+01
9.558900000000000000e+06,-1.889850293468790454e+01
9.559836000000000000e+06,-2.688081808851904952e+01
9.560772000000000000e+06,4.294756600426616444e+00
9.561704000000000000e+06,1.092336812514470346e+01
9.562640000000000000e+06,3.751132056597104025e+01
9.563576000000000000e+06,3.138242050854307053e+01
9.564512000000000000e+06,7.013832962739164678e+00
9.565444000000000000e+06,1.927530748745693501e+01
9.566380000000000000e+06,9.748040114455319483e+00
9.567316000000000000e+06,8.482585434300680127e-01
9.568252000000000000e+06,-6.856956667684067419e+00
9.569184000000000000e+06,1.018454515727183463e+01
9.570120000000000000e+06,9.453181221828440783e+00
9.571992000000000000e+06,1.054759896448726941e+01
9.572924000000000000e+06,-2.002449633640707916e+01
9.573860000000000000e+06,-1.507733707274240054e+01
9.574796000000000000e+06,-2.121275486301190671e+00
9.575732000000000000e+06,9.453181221828440783e+00
9.576664000000000000e+06,1.917458303749549398e+00
9.577600000000000000e+06,3.018050532890829629e+01
9.578536000000000000e+06,1.659427467363155273e+01
9.579472000000000000e+06,2.367583611082289607e+01
9.580404000000000000e+06,-3.184815173805520061e+01
9.581340000000000000e+06,-2.143016273499660684e+01
9.582276000000000000e+06,-1.886687216927464661e+01
9.583212000000000000e+06,-1.230898120781255045e+01
9.584144000000000000e+06,3.184057163567593562e+01
9.585080000000000000e+06,4.234583628435307645e+01
9.586016000000000000e+06,-1.998749771760467198e+00
9.586952000000000000e+06,-2.785250509295949328e+01
9.587884000000000000e+06,-2.948845477309626517e+01
9.588820000000000000e+06,-2.742749613430368427e+01
9.589756000000000000e+06,-4.361496609281771697e+01
9.590692000000000000e+06,3.744554062104898939e+00
9.591624000000000000e+06,2.402628477730215195e+01
9.592560000000000000e+06,-1.173844666542761672e+01
9.593496000000000000e+06,-1.303508882224342003e+01
9.594432000000000000e+06,2.552174476931066849e+01
9.595364000000000000e+06,2.715647967175459421e+00
9.596300000000000000e+06,-9.698818874567905368e+00
9.597236000000000000e+06,-3.103472107251986500e+01
9.598172000000000000e+06,-3.691930841470546909e+01
9.599104000000000000e+06,7.573178956479882373e+00
9.600040000000000000e+06,3.380290846201400257e+01
9.600976000000000000e+06,3.582724014441136262e+01
9.601912000000000000e+06,2.696807517602663395e+01
9.602844000000000000e+06,3.754410779344568994e+01
9.603780000000000000e+06,4.607153289185750289e-02
9.604716000000000000e+06,-6.553663613439704250e+01
9.605652000000000000e+06,-4.076316661032289090e+01
9.606584000000000000e+06,-1.349460913598232281e+01
9.607520000000000000e+06,-1.126389807412393651e+01
9.608456000000000000e+06,1.754830524000096048e+01
9.609392000000000000e+06,2.542306785050325146e+01
9.610324000000000000e+06,3.788687456415502641e+00
9.611260000000000000e+06,9.709418761625302485e-01
9.612196000000000000e+06,-1.728524558822304868e+01
9.613132000000000000e+06,-1.813293517967790791e+01
9.614064000000000000e+06,-6.663450259856786850e+00
9.615000000000000000e+06,-4.238028922623808370e+00
9.615936000000000000e+06,3.863295154077971194e+00
9.616872000000000000e+06,9.672022211519987200e-02
9.617804000000000000e+06,-1.576193945336892632e+01
9.618740000000000000e+06,-4.629347325797566270e+01
9.619676000000000000e+06,-9.164958694064097244e+00
9.620612000000000000e+06,1.447999177962345740e+01
9.621544000000000000e+06,1.405241746768128941e+01
9.622480000000000000e+06,2.232959151413931309e+01
9.623416000000000000e+06,2.744498409693901309e+01
9.624352000000000000e+06,9.792331126957661169e+00
9.625284000000000000e+06,8.713044173702442663e+00
9.626220000000000000e+06,-3.281527813939879579e+00
9.627156000000000000e+06,-1.231155426196589886e+01
9.628092000000000000e+06,-6.237032409976009717e+00
9.629024000000000000e+06,1.187366917529937282e+01
9.629960000000000000e+06,8.484019866055424686e+00
9.630896000000000000e+06,-1.386402061991875811e+01
9.631832000000000000e+06,-1.267723622968759578e+01
9.632764000000000000e+06,-5.109724928003707589e+00
9.633700000000000000e+06,1.043079031510479204e+00
9.634636000000000000e+06,-3.037372716889255475e+00
9.635572000000000000e+06,-1.153847236817351352e+01
9.637440000000000000e+06,-3.868562332334462006e+00
9.638376000000000000e+06,-9.756981702573638060e+00
9.639312000000000000e+06,-1.160935054962124369e+01
9.640244000000000000e+06,5.014719262681140322e+00
9.641180000000000000e+06,2.967685162085879114e+01
9.642116000000000000e+06,4.339102719281871856e+00
9.643052000000000000e+06,7.793217426899638589e+00
9.643984000000000000e+06,3.178850391643183393e+00
9.644920000000000000e+06,1.128532057665166022e+01
9.645856000000000000e+06,2.205123259752208398e+01
9.646792000000000000e+06,1.070201557447181706e+01
9.647724000000000000e+06,1.395873673985582286e+01
9.648660000000000000e+06,1.125243083733818494e+01
9.649596000000000000e+06,4.917309018640933616e+00
9.650532000000000000e+06,1.043505793104345791e+01
9.651464000000000000e+06,2.174124291549160048e+01
9.652400000000000000e+06,-2.244235612937174906e+01
9.653336000000000000e+06,-3.932833998863461744e+01
9.654272000000000000e+06,-2.159845116048454372e+01
9.655204000000000000e+06,-2.709624084948903278e+00
9.656140000000000000e+06,-5.137571070849313415e+00
9.657076000000000000e+06,-2.182111779141056118e+01
9.658012000000000000e+06,-5.188274866425566678e+00
9.658944000000000000e+06,-4.321514682736513624e-01
9.659880000000000000e+06,-3.421914990229297793e+00
9.660816000000000000e+06,-4.761801910191879372e+00
9.661752000000000000e+06,1.252012549559990795e+01
9.662684000000000000e+06,-4.217744324046509341e+00
9.663620000000000000e+06,-1.160935054962124369e+01
9.664556000000000000e+06,-1.023153029387732005e+01
9.665492000000000000e+06,-1.403729753552165249e+01
9.666424000000000000e+06,4.910951341919934876e+00
9.667360000000000000e+06,1.381067780659227573e+01
9.668296000000000000e+06,6.377408729021457390e+00
9.669232000000000000e+06,5.814333219066002201e+00
9.670164000000000000e+06,1.207989093656865265e+01
9.671100000000000000e+06,1.145360900213959532e+01
9.672036000000000000e+06,2.902398251748434888e+01
9.672972000000000000e+06,3.852214380210776667e-01
9.673904000000000000e+06,1.892607038939197750e+01
9.674840000000000000e+06,1.960042795889102862e+01
9.675780000000000000e+06,-3.214379148706888234e+00
9.676712000000000000e+06,-1.135752369559649111e+01
9.677644000000000000e+06,-1.836190438097201039e+01
9.678580000000000000e+06,2.324858229820240041e+00
9.679516000000000000e+06,7.219999617655532553e+00
9.680452000000000000e+06,-2.742109105209676656e+01
9.681384000000000000e+06,-1.193578510130846482e+01
9.682320000000000000e+06,-3.029699946035546887e+01
9.683256000000000000e+06,-2.471347106932600113e+01
9.684192000000000000e+06,-1.247101446841831596e+01
9.685124000000000000e+06,-1.487615890794098839e+01
9.686060000000000000e+06,6.970800924137040333e+00
9.686996000000000000e+06,2.066195596223638020e+01
9.687928000000000000e+06,1.801134234540995394e+01
9.688864000000000000e+06,1.471405968373834128e+01
9.689800000000000000e+06,2.416041678870940146e+01
9.690736000000000000e+06,7.101156013843631598e+00
9.691672000000000000e+06,-2.479285697048757342e+00
9.692604000000000000e+06,-1.745506325643756629e+00
9.693540000000000000e+06,-1.593395739507160158e+01
9.694476000000000000e+06,-2.169213188831000849e+01
9.695412000000000000e+06,-2.557513498812307162e+01
9.696344000000000000e+06,-2.713353601163642992e+00
9.697288000000000000e+06,-6.307910591423739888e+00
9.698216000000000000e+06,-7.110152708314862124e+00
9.699152000000000000e+06,-5.154015940506051052e+00
9.700084000000000000e+06,-1.305673490655976821e+01
9.701020000000000000e+06,-1.361219376589400554e+01
9.702892000000000000e+06,3.205382454235658152e+00
9.703824000000000000e+06,7.595768778312967484e+00
9.704760000000000000e+06,8.156271234115074265e+00
9.705696000000000000e+06,-2.159263928435446012e+00
9.706632000000000000e+06,6.306906153248312830e-01
9.707564000000000000e+06,3.151776408836461840e+01
9.708500000000000000e+06,2.543189606953877302e+01
9.709436000000000000e+06,-1.883004018920178169e+01
9.710372000000000000e+06,-2.427318140394183388e+01
9.711304000000000000e+06,-7.988261496768670256e+00
9.712240000000000000e+06,-2.436308764799544502e+00
9.713176000000000000e+06,-6.429437462094811373e+00
9.714112000000000000e+06,7.857737931626368244e+00
9.715044000000000000e+06,8.625721122597974855e+00
9.715980000000000000e+06,-1.042629567560481973e+01
9.716916000000000000e+06,3.452165711792542169e+00
9.717852000000000000e+06,1.656637342443303851e+01
9.718792000000000000e+06,-6.106732426622329513e+00
9.719720000000000000e+06,-2.805720248735979361e+00
9.720656000000000000e+06,-3.183514609296196340e-01
9.721592000000000000e+06,-1.453327948659702962e+01
9.722524000000000000e+06,1.813528465204263540e+01
9.723460000000000000e+06,7.547748249595883863e+00
9.724396000000000000e+06,-1.804983233902618389e+00
9.725332000000000000e+06,-8.221015320630424839e+00
9.726264000000000000e+06,-6.876084804199976475e+00
9.727200000000000000e+06,-4.968023671461158308e+00
9.728136000000000000e+06,4.327646339740091719e+00
9.729072000000000000e+06,4.050601503375993673e+00
9.730004000000000000e+06,-5.725919669497025133e+00
9.730940000000000000e+06,1.140290520656334294e+01
9.731876000000000000e+06,7.852694335158499683e+00
9.732812000000000000e+06,5.090641040596739941e+00
9.733744000000000000e+06,-1.775206731619969247e+01
9.734680000000000000e+06,1.275419339971479182e+01
9.735616000000000000e+06,9.373529927698102782e+00
9.736552000000000000e+06,2.709400503160281914e+00
9.737484000000000000e+06,7.345256004541344197e+00
9.738420000000000000e+06,1.327413435922929352e+01
9.739356000000000000e+06,-5.498264548456051060e+00
9.740296000000000000e+06,-7.269612914767276557e+00
9.741224000000000000e+06,-1.745506325643756629e+00
9.742160000000000000e+06,1.502441727057641785e+00
9.743096000000000000e+06,9.698650399132194622e+00
9.744032000000000000e+06,1.135861419406099948e+01
9.744964000000000000e+06,1.978516125403570314e+01
9.745900000000000000e+06,2.016093041469313718e+01
9.746836000000000000e+06,1.011235289557097339e+01
9.747772000000000000e+06,6.119224198275706073e+00
9.748704000000000000e+06,-1.718016358720871750e+01
9.749640000000000000e+06,7.529989299686016935e+00
9.750576000000000000e+06,-1.745506325643756629e+00
9.751512000000000000e+06,-9.167321461601594113e-01
9.752444000000000000e+06,-7.469476999315557642e+00
9.753380000000000000e+06,1.222768730187283381e+00
9.754316000000000000e+06,6.860675326654835260e+00
9.755252000000000000e+06,2.003567402780732465e+01
9.756184000000000000e+06,2.603217146437468266e+00
9.757120000000000000e+06,5.935860089737074574e+00
9.758056000000000000e+06,2.484617563139732255e+01
9.758992000000000000e+06,3.101673854082137183e+01
9.759924000000000000e+06,1.342855096921384117e+01
9.760860000000000000e+06,-2.195720302833725768e-01
9.761800000000000000e+06,4.673153921590310844e+00
9.762728000000000000e+06,1.639682602504488429e+01
9.763664000000000000e+06,5.835821685190609287e+00
9.764600000000000000e+06,-1.618315608859009558e+01
9.765536000000000000e+06,-2.525878762937158939e+01
9.766472000000000000e+06,-2.830298446311822502e+01
9.767404000000000000e+06,-2.673034371929389152e+01
9.768340000000000000e+06,-6.881128400667845035e+00
9.769276000000000000e+06,-2.512212996929691045e+01
9.770212000000000000e+06,-2.270931377280010821e+01
9.771144000000000000e+06,-2.246531873187002315e+00
9.772080000000000000e+06,3.326909324906730969e+00
9.773016000000000000e+06,-3.530726507458371799e+00
9.773952000000000000e+06,1.021107721986430761e+01
9.774884000000000000e+06,-1.171732961282088148e-01
9.775820000000000000e+06,-1.531907673383141244e+01
9.776756000000000000e+06,-4.929424567856430794e-01
9.777692000000000000e+06,4.007624571126780388e+00
9.778624000000000000e+06,1.118659625235832600e+01
9.779560000000000000e+06,6.453330506937057010e+00
9.780496000000000000e+06,1.234049090327601306e+01
9.781432000000000000e+06,1.989018814869712415e+01
9.782364000000000000e+06,-7.713013734028717483e-01
9.783308000000000000e+06,-1.736994047882125969e+01
9.784236000000000000e+06,-1.603641123557967774e+01
9.785172000000000000e+06,-6.816607895941114492e+00
9.786104000000000000e+06,-4.599926267777853184e+00
9.787040000000000000e+06,-2.823479198645846733e+00
9.787976000000000000e+06,7.437622652113680566e+00
9.788912000000000000e+06,-1.013280596958398228e+01
9.789844000000000000e+06,-1.918059136751987381e+01
9.790780000000000000e+06,-2.145674990394199355e+01
9.791716000000000000e+06,1.076522199894541743e+01
9.792652000000000000e+06,-1.111205451829273727e+01
9.793584000000000000e+06,-9.321790740010252208e+00
9.794520000000000000e+06,6.169927993851959336e+00
9.795456000000000000e+06,1.173701151522469388e+01
9.796392000000000000e+06,1.225821144863941470e+01
9.797324000000000000e+06,8.287885297721883759e+00
9.798260000000000000e+06,1.983318178275278143e+01
9.799196000000000000e+06,1.477983916236529183e+01
9.800132000000000000e+06,2.453844132920790067e+00
9.801064000000000000e+06,-1.196363124415407242e+01
9.802000000000000000e+06,-1.568717413751472023e+01
9.802936000000000000e+06,-8.117247399869221169e+00
9.803872000000000000e+06,1.176354357781717042e+01
9.804812000000000000e+06,6.529252284852656629e+00
9.805740000000000000e+06,1.381067780659227573e+01
9.806676000000000000e+06,1.356016503282065244e+01
9.807612000000000000e+06,7.907072540596581156e+00
9.808544000000000000e+06,7.872868721029976591e+00
9.809480000000000000e+06,5.151376922755819265e+00
9.810416000000000000e+06,-4.551850632707861166e+00
9.811352000000000000e+06,-9.921540611846834778e+00
9.812284000000000000e+06,4.889462875795328678e+00
9.813220000000000000e+06,1.092336812514470346e+01
9.814156000000000000e+06,4.638950102023706279e+00
9.815092000000000000e+06,1.294659845183359437e+01
9.816024000000000000e+06,2.656183171201733728e+01
9.816960000000000000e+06,2.965031955826631460e+01
9.817896000000000000e+06,-4.407521215659051528e+00
9.818832000000000000e+06,-4.878988603177738526e-01
9.819764000000000000e+06,-1.545442031365296209e+01
9.820700000000000000e+06,-9.796284224961024023e+00
9.821636000000000000e+06,8.609276252941235441e+00
9.822572000000000000e+06,1.786328341214640503e+01
9.823504000000000000e+06,3.313737911155047300e+01
9.824440000000000000e+06,2.860655050483082817e+01
9.825376000000000000e+06,2.592546258465253928e+01
9.826316000000000000e+06,1.173569743497156281e+01
9.827244000000000000e+06,-8.968824125730556318e+00
9.828180000000000000e+06,-4.073406149357705885e+01
9.829116000000000000e+06,-4.027469879802990249e+01
9.830052000000000000e+06,-1.961583743643616629e+01
9.830984000000000000e+06,-2.318249317749774718e+01
9.831920000000000000e+06,1.350598171226443212e+00
9.832856000000000000e+06,6.746875319310804642e+00
9.833792000000000000e+06,2.738560726259017919e+00
9.834724000000000000e+06,2.384214786577486533e-01
9.835660000000000000e+06,2.110964711576831299e+00
9.836596000000000000e+06,5.698996268128394549e-01
9.837532000000000000e+06,-4.903503166734427765e+00
9.838464000000000000e+06,4.590929573306624434e+00
9.839400000000000000e+06,1.906651267203430677e+01
9.840336000000000000e+06,3.075082470881978391e+00
9.841272000000000000e+06,7.041679105584770504e+00
9.842204000000000000e+06,3.249459720111175898e+01
9.843140000000000000e+06,1.978143173782095943e+01
9.844076000000000000e+06,2.046713547415596679e+01
9.845012000000000000e+06,-2.747557420730247557e+00
9.845944000000000000e+06,2.891663255990434944e+00
9.846880000000000000e+06,-7.393555221399958910e+00
9.847820000000000000e+06,-2.828149599699361971e+01
9.848752000000000000e+06,-1.805964156226857042e+01
9.849684000000000000e+06,-2.922203522939182729e+00
9.850620000000000000e+06,1.135488467784626110e+01
9.851556000000000000e+06,5.875069101225082413e+00
9.852492000000000000e+06,6.250838261882517344e+00
9.853424000000000000e+06,-1.270881188874793999e+01
9.854360000000000000e+06,3.330638841121469795e+00
9.855296000000000000e+06,-1.775206731619969247e+01
9.856228000000000000e+06,-1.616166762246548672e+01
9.857164000000000000e+06,6.903707365256959605e+00
9.858100000000000000e+06,3.249196904060550395e+01
9.859036000000000000e+06,-1.209129511387407874e-02
9.859972000000000000e+06,7.094743230769720910e+00
9.860904000000000000e+06,-2.709624084948903278e+00
9.861840000000000000e+06,-9.075007482453369079e+00
9.862776000000000000e+06,-8.646174196610981966e+00
9.863712000000000000e+06,1.176222949756403935e+01
9.864644000000000000e+06,1.212791146528573449e+01
9.865580000000000000e+06,8.048773797139130437e+00
9.866516000000000000e+06,1.211146659562899686e+01
9.867452000000000000e+06,-1.460920126451262924e+01
9.868384000000000000e+06,-1.404869880871052246e+01
9.869328000000000000e+06,-1.354767326116727588e+01
9.870256000000000000e+06,-1.050857513024141632e+01
9.871192000000000000e+06,-1.696171716673544605e+00
9.872124000000000000e+06,2.699313310224544349e+00
9.873060000000000000e+06,-1.235453119421511303e+01
9.873996000000000000e+06,2.264067241308247880e+00
9.874932000000000000e+06,4.170814293793935867e+00
9.875864000000000000e+06,9.273491523151637494e+00
9.876800000000000000e+06,-1.019222777148993409e+01
9.877736000000000000e+06,4.164456617072936240e+00
9.878672000000000000e+06,-5.343792832118592351e+00
9.879604000000000000e+06,-6.531891302602887528e+00
9.880540000000000000e+06,1.534017386117986437e+00
9.881476000000000000e+06,1.408760999232175237e+00
9.882412000000000000e+06,-1.559107797372764281e+01
9.883344000000000000e+06,-1.200156457993541537e+01
9.884280000000000000e+06,2.700627390477674084e+00
9.885216000000000000e+06,1.548204287470994700e+01
9.886152000000000000e+06,1.294905885535232004e+00
9.887084000000000000e+06,5.417020485931050899e+00
9.888020000000000000e+06,-1.454972435625376725e+01
9.888956000000000000e+06,-1.592124204162960410e+01
9.889892000000000000e+06,8.963341785000614736e-01
9.890832000000000000e+06,1.175214230462830045e+01
9.891760000000000000e+06,6.807611201469884854e+00
9.892696000000000000e+06,1.955240743017394323e+01
9.893632000000000000e+06,1.515056472655485642e+01
9.894564000000000000e+06,-2.316100471137314187e+01
9.895500000000000000e+06,-2.279027914718357906e+01
9.896436000000000000e+06,-9.321790740010252208e+00
9.897372000000000000e+06,4.807183421158731207e+00
9.898304000000000000e+06,-1.017446882158006716e+01
9.899240000000000000e+06,-6.231988813508141156e+00
9.900176000000000000e+06,-1.114494425760621255e+01
9.901112000000000000e+06,-1.771413398041834952e+01
9.902044000000000000e+06,-2.360386986883945326e+00
9.902980000000000000e+06,6.931553508102565431e+00
9.903916000000000000e+06,8.985045413598669484e+00
9.904852000000000000e+06,-3.548485457368239615e+00
9.905784000000000000e+06,1.345639711205944877e+01
9.906720000000000000e+06,2.951140164249296483e+00
9.907656000000000000e+06,1.152947567370228299e+01
9.908592000000000000e+06,1.121318342130371093e+01
9.909524000000000000e+06,9.797374723425532395e+00
9.910460000000000000e+06,-1.003035212907590790e+01
9.911396000000000000e+06,-1.979042843229219173e+01
9.912336000000000000e+06,-4.610013460713592970e+00
9.913264000000000000e+06,1.657273110115403725e+01
9.914200000000000000e+06,2.700627390477674084e+00
9.915136000000000000e+06,-1.053137767661915447e+01
9.916072000000000000e+06,-7.693457710494705282e+00
9.917004000000000000e+06,5.351241007304100350e+00
9.917940000000000000e+06,1.417635977431397087e+01
9.918876000000000000e+06,9.235558187370292771e+00
9.919812000000000000e+06,1.703582331291593732e+01
9.920744000000000000e+06,1.584136716571064518e+01
9.921680000000000000e+06,7.432579055645811117e+00
9.922616000000000000e+06,-1.764325579897061758e+01
9.923548000000000000e+06,5.014719262681140322e+00
9.924484000000000000e+06,4.294043234701597100e+01
9.925420000000000000e+06,3.033234888473949553e+01
9.926356000000000000e+06,1.309202922459088114e+01
9.927292000000000000e+06,1.800498466868895520e+01
9.928224000000000000e+06,-1.739669375278993790e-01
9.929160000000000000e+06,2.579100519806601710e+00
9.930096000000000000e+06,-1.132594803653614512e+01
9.931032000000000000e+06,6.457060023151795392e+00
9.931964000000000000e+06,-8.034967945232622810e+00
9.932900000000000000e+06,-1.353292295329585615e+00
9.933840000000000000e+06,-1.551066319095528723e-01
9.934772000000000000e+06,-3.123326581387681600e+00
9.935704000000000000e+06,-7.708588499898311852e+00
9.936640000000000000e+06,1.427881361482204703e+01
9.937576000000000000e+06,4.002580974658911828e+00
9.938512000000000000e+06,1.988336485197280012e+00
9.939444000000000000e+06,2.801557374567686054e+01
9.940380000000000000e+06,-2.861412534427191012e+00
9.941316000000000000e+06,-7.990676932730280235e+00
9.942252000000000000e+06,-7.636296164287422750e-01
9.943184000000000000e+06,3.182402425418036529e+01
9.944120000000000000e+06,3.795161023135520395e+01
9.945056000000000000e+06,1.691056692603012479e+01
9.945992000000000000e+06,-7.827487210063124756e+00
9.946924000000000000e+06,1.392316129575437822e+00
9.947860000000000000e+06,4.411239874629820257e+00
9.948796000000000000e+06,6.403995897966844986e+00
9.949732000000000000e+06,4.874332086391721219e+00
9.950664000000000000e+06,-1.920152427852691801e+00
9.951600000000000000e+06,-1.631608423245003436e+01
9.952536000000000000e+06,-1.895030808597263317e+01
9.953472000000000000e+06,-1.314663101181758620e+01
9.954404000000000000e+06,-7.115196304782730685e+00
9.955348000000000000e+06,-7.868048706350728949e+00
9.956276000000000000e+06,-1.087425709796311324e+01
9.957212000000000000e+06,2.867546629359568389e+00
9.958144000000000000e+06,-6.510885829849295536e-01
9.959080000000000000e+06,-1.217994019835908759e+01
9.960016000000000000e+06,-9.353366399070598192e+00
9.960952000000000000e+06,-6.015734965656034383e+00
9.961884000000000000e+06,-2.206022929199331273e+01
9.962820000000000000e+06,-1.858047359087569905e+00
9.963756000000000000e+06,1.656264390821829835e+01
9.964692000000000000e+06,2.967180802439092346e+01
9.965624000000000000e+06,1.485203142406615306e+01
9.966560000000000000e+06,1.268594337877332201e+01
9.967496000000000000e+06,1.766210524734499288e+01
9.968432000000000000e+06,3.270454847859578251e+01
9.969364000000000000e+06,1.889953832679950096e+01
9.970300000000000000e+06,1.269608567806197286e+01
9.971236000000000000e+06,2.256365941825419696e+01
9.972172000000000000e+06,-1.277464647372780071e+01
9.973104000000000000e+06,-2.674678858895062561e+01
9.974040000000000000e+06,-2.501337355842074572e+01
9.974976000000000000e+06,-1.483822557215964366e+01
9.975912000000000000e+06,-2.350299793948206872e+00
9.976852000000000000e+06,1.223167938604694172e+01
9.977780000000000000e+06,-7.143042447628336511e+00
9.978716000000000000e+06,-3.846031839311655176e+01
9.979652000000000000e+06,-1.582383179758939740e+01
9.980584000000000000e+06,-7.137998851160466174e+00
9.981520000000000000e+06,-1.188639538598534173e+01
9.982456000000000000e+06,2.708434572568518561e+01
9.983392000000000000e+06,-8.458539647124294625e-01
9.984324000000000000e+06,-9.893694469001227176e+00
9.985260000000000000e+06,-3.037796483473893971e+01
9.986196000000000000e+06,6.343204909454852825e+00
9.987132000000000000e+06,8.032328927482392800e+00
9.988064000000000000e+06,1.085385913030301630e+01
9.989000000000000000e+06,-1.434224362108426831e+01
9.989936000000000000e+06,-2.693179215292166084e+00
9.990872000000000000e+06,1.262016146221757174e+00
9.991804000000000000e+06,5.161464115691558163e+00
9.992740000000000000e+06,1.283504612346363816e+00
9.993676000000000000e+06,-3.797684150886731835e+00
9.994612000000000000e+06,1.017182980382983537e+01
9.995544000000000000e+06,7.723918718673803419e-01
9.996480000000000000e+06,-6.500315643542542432e+00
9.997416000000000000e+06,5.133617972845952337e+00
9.998356000000000000e+06,-1.339325665118272823e+01
9.999284000000000000e+06,1.022904645639002963e+00
1.000022000000000000e+07,5.346197410836230901e+00
1.000115600000000000e+07,-4.260776362648633686e+00
1.000209200000000000e+07,-1.716881742037276126e+01
1.000302400000000000e+07,-1.494993551872134008e+00
1.000396000000000000e+07,1.807332706267346101e+00
1.000489600000000000e+07,5.939589605951812956e+00
1.000583200000000000e+07,-2.523631815904011866e+00
1.000676400000000000e+07,1.103217964237377657e+01
1.000770000000000000e+07,-1.090078916055558800e+01
1.000863600000000000e+07,-3.778283691884811724e-01
1.000956800000000000e+07,-1.564545617916572340e+01
1.001050400000000000e+07,2.275468514497116512e+00
1.001144000000000000e+07,3.185208068364182132e+00
1.001237600000000000e+07,-5.920740157577437657e+00
1.001331200000000000e+07,6.565871540380870286e+00
1.001424400000000000e+07,-1.047032129513839838e+00
1.001518000000000000e+07,9.513917103987521884e+00
1.001611600000000000e+07,8.609276252941235441e+00
1.001705200000000000e+07,3.185208068364182132e+00
1.001798400000000000e+07,1.530287869903247167e+00
1.001892000000000000e+07,2.010145350643427165e+01
1.001986000000000000e+07,3.788687456415502641e+00
1.002079200000000000e+07,9.365858170723974752e+00
1.002172400000000000e+07,9.591152962156252570e+00
1.002266000000000000e+07,7.280790606167524714e+00
1.002359600000000000e+07,2.647582274116599876e+01
1.002453200000000000e+07,2.004334578478145090e+01
1.002546400000000000e+07,1.210642299916112918e+01
1.002640000000000000e+07,-2.525878762937158939e+01
1.002733600000000000e+07,-2.702251934506159969e+01
1.002827200000000000e+07,-1.170544671340831933e+01
1.002920400000000000e+07,6.784808655092148477e+00
1.003014000000000000e+07,3.103318341047810947e+01
1.003107600000000000e+07,2.723114568504851718e+01
1.003201200000000000e+07,2.584822672648381214e+01
1.003294400000000000e+07,8.166828843697229168e-01
1.003388000000000000e+07,1.208997812950438977e+01
1.003481600000000000e+07,-3.759750815105388000e+00
1.003575200000000000e+07,-9.015585680547420822e+00
1.003668400000000000e+07,-6.086558040750852605e+00
1.003762000000000000e+07,-2.404415709629482123e+01
1.003855600000000000e+07,-2.761349610421557088e+01
1.003949200000000000e+07,-2.842451133378930095e+01
1.004042400000000000e+07,-3.199248359303281219e+00
1.004136400000000000e+07,4.950198757954408890e+00
1.004229600000000000e+07,2.186649930237740946e+01
1.004323200000000000e+07,2.966172083145518457e+01
1.004416400000000000e+07,2.655810219580259357e+01
1.004510000000000000e+07,3.066881552300954539e+01
1.004603600000000000e+07,6.024442114741759724e+00
1.004697200000000000e+07,1.490509554925110436e+01
1.004790400000000000e+07,-1.568717413751472023e+01
1.004884000000000000e+07,4.638950102023706279e+00
1.004977600000000000e+07,-1.728524558822304868e+01
1.005071200000000000e+07,-1.542021649408635753e+01
1.005164400000000000e+07,-5.252795371152297221e+00
1.005258000000000000e+07,-4.048196924658354234e+00
1.005351600000000000e+07,4.650351375212574467e+00
1.005445200000000000e+07,1.778736163423080541e+01
1.005538400000000000e+07,8.926046622853223145e-01
1.005632000000000000e+07,-8.367760173640844457e+00
1.005725600000000000e+07,3.898813053897705938e+00
1.005819200000000000e+07,7.031591912649031606e+00
1.005912400000000000e+07,3.200338857767789591e+00
1.006006000000000000e+07,1.226456912536041521e+01
1.006099600000000000e+07,-1.527883291185609060e+00
1.006193200000000000e+07,7.945005876377924992e+00
1.006286800000000000e+07,-8.646119090258073570e+00
1.006380000000000000e+07,-1.272152724218993924e+01
1.006473600000000000e+07,-3.490506392524383728e+01
1.006567200000000000e+07,-3.068926859702255427e+01
1.006660400000000000e+07,-3.735076986105411123e+01
1.006754000000000000e+07,-1.318966305041971054e+01
1.006847600000000000e+07,8.119651978586858831e+00
1.006941200000000000e+07,1.221134738198372460e+01
1.007034400000000000e+07,-6.892427162017884079e+00
1.007128000000000000e+07,3.338920596557522202e+01
1.007221600000000000e+07,1.558828133778567171e+01
1.007315200000000000e+07,1.893374214636610375e+01
1.007408400000000000e+07,2.643799191722347786e+01
1.007502000000000000e+07,3.994310728079200601e+01
1.007595600000000000e+07,-7.830217882408215146e+00
1.007689200000000000e+07,-8.358282491581269369e+01
1.007782400000000000e+07,4.783463769820151157e+01
1.007876000000000000e+07,4.518123060181009265e+01
1.007969600000000000e+07,3.227949981532104573e+01
1.008063200000000000e+07,-1.861257477293537477e+01
1.008156400000000000e+07,-3.158497871719448824e+01
1.008250000000000000e+07,5.158891061538208866e+00
1.008343600000000000e+07,6.653241996971255290e+00
1.008437200000000000e+07,5.798429987122570139e+01
1.008530400000000000e+07,4.904395680391284884e+01
1.008624000000000000e+07,9.431795267542664618e+00
1.008717600000000000e+07,-1.219152583055342909e+00
1.008811200000000000e+07,-5.227079759047000351e+01
1.008904400000000000e+07,-6.949183149591097219e+01
1.008998000000000000e+07,-5.656224686570931937e+01
1.009091600000000000e+07,-5.863602336978272689e+01
1.009185200000000000e+07,1.132588207293926530e+01
1.009278400000000000e+07,5.644948225047688339e+01
1.009372000000000000e+07,1.384982271078792238e+01
1.009465600000000000e+07,-1.964121303696725107e+01
1.009559200000000000e+07,-1.468512304242822886e+01
1.009652400000000000e+07,2.129596475999247929e+01
1.009746000000000000e+07,3.620300930506879666e+01
1.009839600000000000e+07,2.010145350643427165e+01
1.009933200000000000e+07,2.908108125647172137e+00
1.010026400000000000e+07,1.059320405724274394e+01
1.010120000000000000e+07,1.283504612346363816e+00
1.010213600000000000e+07,1.114230523985598253e+01
1.010307200000000000e+07,-5.963874708018389370e+00
1.010400400000000000e+07,-2.489316076800280442e+01
1.010494000000000000e+07,-1.914134395148539625e+01
1.010587600000000000e+07,-2.317876366128300702e+01
1.010681200000000000e+07,2.394367224661928972e+00
1.010774400000000000e+07,1.296047026733698360e+01
1.010868000000000000e+07,3.862722677475446886e+01
1.010961600000000000e+07,3.537933382840598995e+01
1.011055200000000000e+07,1.850364744869470446e+00
1.011148400000000000e+07,-1.262658754046425180e+01
1.011242000000000000e+07,-7.894580768943204596e+00
1.011335600000000000e+07,-1.482813837922390476e+01
1.011429200000000000e+07,-1.992582711846665333e+01
1.011522400000000000e+07,-1.415120775557150878e+01
1.011616000000000000e+07,-4.435367358504657354e+00
1.011709600000000000e+07,-7.984476874201020813e+00
1.011803200000000000e+07,-3.996849373856706222e+01
1.011896400000000000e+07,-2.923421248310989995e+01
1.011990000000000000e+07,-3.153185948565662855e+01
1.012083600000000000e+07,4.752805215720648846e+00
1.012177200000000000e+07,1.930058057614919065e+01
1.012270400000000000e+07,-1.051866232317715699e+01
1.012364000000000000e+07,-3.867248252081332272e+00
1.012457600000000000e+07,2.448800536452921506e+00
1.012551200000000000e+07,8.695285223792573959e+00
1.012644400000000000e+07,1.659049005106390240e+01
1.012738000000000000e+07,3.135457436569746292e+01
1.012831600000000000e+07,4.542853938236629752e+00
1.012925200000000000e+07,-8.369074253893973747e+00
1.013018400000000000e+07,1.113957212958209375e+00
1.013112000000000000e+07,3.205382454235658152e+00
1.013205600000000000e+07,1.343490864593484169e+01
1.013299200000000000e+07,-1.259611567504118845e+00
1.013392400000000000e+07,-1.408032957412377684e+01
1.013486000000000000e+07,5.690335806080408787e+00
1.013579600000000000e+07,3.928513947459678946e+01
1.013673200000000000e+07,1.424219435929383337e+01
1.013766400000000000e+07,1.369046501617433442e+01
1.013860000000000000e+07,-1.410817571696938266e+01
1.013953600000000000e+07,1.158248225460552394e+00
1.014047200000000000e+07,-1.195146169130299141e+00
1.014140400000000000e+07,-1.415751032593959557e+01
1.014234000000000000e+07,-9.354680479323727482e+00
1.014327600000000000e+07,3.592552888081960827e+00
1.014421200000000000e+07,-8.276707606321636490e+00
1.014514400000000000e+07,-2.866735235058679265e+01
1.014608000000000000e+07,-1.676141749430206573e+01
1.014701600000000000e+07,8.625721122597974855e+00
1.014795200000000000e+07,-5.012314683963501771e+00
1.014888400000000000e+07,-6.950637395509533967e+00
1.014982000000000000e+07,-6.314268268144739515e+00
1.015075600000000000e+07,5.813009000017078653e-01
1.015169200000000000e+07,2.362791565601583876e+00
1.015262400000000000e+07,-6.561321794527983364e-01
1.015356000000000000e+07,1.877727894344062287e-01
1.015449600000000000e+07,-5.725919669497025133e+00
1.015543200000000000e+07,-2.147955245031972993e+01
1.015636400000000000e+07,-3.930685152251000858e+01
1.015730000000000000e+07,-2.951761499619499673e+01
1.015823600000000000e+07,-1.556191775062890770e+01
1.015917200000000000e+07,5.100728233532477951e+00
1.016010400000000000e+07,2.460201809641789694e+00
1.016104000000000000e+07,1.310036674938839241e+00
1.016197600000000000e+07,-8.258948656411769562e+00
1.016291200000000000e+07,-8.596784481287860658e+00
1.016384400000000000e+07,1.058048870380074469e+01
1.016478000000000000e+07,-7.072164266180605452e+00
1.016571600000000000e+07,1.283504612346363816e+00
1.016665200000000000e+07,1.203050122124552956e+01
1.016758400000000000e+07,1.578325944405782266e+01
1.016852000000000000e+07,2.407177965735180081e+01
1.016945600000000000e+07,9.699964479385325689e+00
1.017039200000000000e+07,7.061853491456246523e+00
1.017132400000000000e+07,-1.114494425760621255e+01
1.017226000000000000e+07,-2.065077827083613471e+01
1.017319600000000000e+07,-1.267723622968759578e+01
1.017413200000000000e+07,-1.750155454242807096e+01
1.017506400000000000e+07,-4.260776362648633686e+00
1.017600000000000000e+07,-4.929424567856430794e-01
1.017693600000000000e+07,-3.689776484222795006e+01
1.017787200000000000e+07,-2.529809015175897358e+01
1.017880400000000000e+07,-2.434405958538956583e+01
1.017974000000000000e+07,-2.028641038336756708e+01
1.018067600000000000e+07,-2.567758882863114778e+01
1.018161200000000000e+07,-1.774833779998495231e+01
1.018254400000000000e+07,-1.099951348484892577e+01
1.018348000000000000e+07,2.023641660472363935e+00
1.018441600000000000e+07,-1.816386945020286581e-01
1.018535200000000000e+07,6.431842040812450811e+00
1.018628400000000000e+07,1.427881361482204703e+01
1.018722000000000000e+07,1.104358091556264476e+01
1.018815600000000000e+07,-7.511139851311641635e+00
1.018909200000000000e+07,-9.837947076957105352e+00
1.019002400000000000e+07,1.490509554925110436e+01
1.019096000000000000e+07,1.632741710411322433e+00
1.019189600000000000e+07,1.987022404944149612e+00
1.019282800000000000e+07,5.499299940567648370e+00
1.019376400000000000e+07,8.249951961940540812e+00
1.019470000000000000e+07,2.040135599552901979e+01
1.019563600000000000e+07,6.681040734330943032e+00
1.019657200000000000e+07,-9.549500967404139118e+00
1.019750400000000000e+07,-1.395633216113818520e+01
1.019844000000000000e+07,3.020440923099451425e+01
1.019937600000000000e+07,2.741078027737240674e+01
1.020031200000000000e+07,1.018323107701870356e+01
1.020124400000000000e+07,-1.635380728161552888e+00
1.020218000000000000e+07,1.396882393279156176e+01
1.020311600000000000e+07,1.029335667450090774e+01
1.020405200000000000e+07,1.443191614455346183e+01
1.020498400000000000e+07,-6.839783222984043842e-01
1.020592000000000000e+07,-1.536709726254849606e+01
1.020685600000000000e+07,-1.340092840815685804e+01
1.020779200000000000e+07,-4.386032749534445330e+00
1.020872400000000000e+07,7.922203330000188615e+00
1.020966000000000000e+07,1.342986504946697224e+01
1.021059600000000000e+07,1.087030399995975216e+01
1.021153200000000000e+07,2.367583611082289607e+01
1.021246400000000000e+07,2.114280712390814543e+01
1.021340000000000000e+07,5.843493442164738205e+00
1.021433600000000000e+07,1.935627286184040230e+01
1.021527200000000000e+07,1.641458497495474944e+01
1.021620400000000000e+07,7.723918718673803419e-01
1.021714000000000000e+07,1.027691180484417011e+01
1.021807600000000000e+07,2.161598652860578795e+01
1.021901200000000000e+07,-8.422138379078925041e+00
1.021994400000000000e+07,-2.157060501763893967e+01
1.022088000000000000e+07,-4.487262096362961472e+01
1.022181600000000000e+07,-3.474691779904455302e+01
1.022275200000000000e+07,-3.023757765844952061e+01
1.022368400000000000e+07,-2.986180849779208657e+01
1.022462000000000000e+07,-2.689726295817578716e+01
1.022555600000000000e+07,-3.194204762835411771e+00
1.022649200000000000e+07,1.876156658647169095e+01
1.022742400000000000e+07,-1.623979454972684255e+00
1.022836000000000000e+07,2.168045192697960744e+01
1.022929600000000000e+07,3.223136907389814354e+01
1.023023200000000000e+07,2.366070532141928595e+01
1.023116400000000000e+07,3.718861553049855218e+01
1.023210000000000000e+07,1.756847962587244183e+01
1.023303600000000000e+07,1.318066635594848002e+01
1.023397200000000000e+07,3.654084512994489131e+01
1.023490400000000000e+07,4.258615165248313872e+01
1.023584000000000000e+07,8.604232656473367769e+00
1.023677600000000000e+07,-1.364508350520748081e+01
1.023771200000000000e+07,-1.992577201211373961e+01
1.023864400000000000e+07,5.552364065752599664e+00
1.023958000000000000e+07,-1.116906088423707999e+01
1.024051600000000000e+07,-2.694659756714599652e+01
1.024145200000000000e+07,-1.353292295329585615e+00
1.024238400000000000e+07,-2.462110442175366387e+01
1.024332000000000000e+07,-1.496983963576645493e+01
1.024425600000000000e+07,-3.111925308198813411e+00
1.024519200000000000e+07,5.383239677524951361e-01
1.024612400000000000e+07,2.934695294592559289e+00
1.024706000000000000e+07,9.077412061171006741e+00
1.024799600000000000e+07,1.058048870380074469e+01
1.024893200000000000e+07,7.976098542067258101e-01
1.024986400000000000e+07,-1.260000037151886509e+01
1.025080000000000000e+07,-8.204570450973688978e+00
1.025173600000000000e+07,-1.704482000738716607e+01
1.025267200000000000e+07,-2.299145731198498765e+01
1.025360400000000000e+07,1.609939164033585612e+00
1.025454000000000000e+07,3.887356674355927133e+00
1.025547600000000000e+07,-1.356543221107714459e+01
1.025641200000000000e+07,-1.651726239725144296e+01
1.025734400000000000e+07,-1.200156457993541537e+01
1.025828000000000000e+07,-2.237789073099792958e+01
1.025921600000000000e+07,-1.402721034258591537e+01
1.026015200000000000e+07,1.092336812514470346e+01
1.026108400000000000e+07,1.912724855419338610e+01
1.026202000000000000e+07,2.015084322175739473e+01
1.026295600000000000e+07,1.909940241134778205e+01
1.026389200000000000e+07,1.284151645081925963e+01
1.026482400000000000e+07,-4.386032749534445330e+00
1.026576000000000000e+07,-2.023707577439735772e+01
1.026669600000000000e+07,-2.113031535225477242e+01
1.026762800000000000e+07,-2.665946553784615958e+01
1.026856400000000000e+07,-2.076967698100094495e+01
1.026950000000000000e+07,-1.052501999989815396e+01
1.027043600000000000e+07,6.234393392225778818e+00
1.027137200000000000e+07,-8.117247399869221169e+00
1.027230400000000000e+07,5.484111606882331458e-01
1.027324000000000000e+07,5.624556327453460014e+00
1.027417600000000000e+07,2.136547375483416644e+01
1.027511200000000000e+07,1.669798748803984623e+01
1.027604400000000000e+07,1.920821392857685339e+01
1.027698000000000000e+07,3.447122115324672720e+00
1.027791600000000000e+07,5.215897427482550697e+00
1.027885200000000000e+07,7.567922635467361658e+00
1.027978400000000000e+07,-4.026708458533748036e+00
1.028072000000000000e+07,4.905907745452066315e+00
1.028165600000000000e+07,9.861840121799350101e+00
1.028259200000000000e+07,5.608111457796722377e+00
1.028352400000000000e+07,2.710714583413412537e+00
1.028446000000000000e+07,1.030344386743664487e+01
1.028539600000000000e+07,6.583630490290737214e+00
1.028633200000000000e+07,3.571064421957354629e+00
1.028726400000000000e+07,2.274154434243986334e+00
1.028820000000000000e+07,-1.266583495649872759e+01
1.028913600000000000e+07,-5.464005622536535434e+00
1.029007200000000000e+07,-2.551477958749617692e+00
1.029100400000000000e+07,5.967435748797418782e+00
1.029287600000000000e+07,-1.842916569683962225e+00
1.029381200000000000e+07,-9.816458610832500042e+00
1.029474400000000000e+07,-5.698073526651420195e+00
1.029568000000000000e+07,6.054758799901886590e+00
1.029661600000000000e+07,3.915257923554443131e+00
1.029755200000000000e+07,1.535678648782413624e+01
1.029848400000000000e+07,-6.449611847966288281e+00
1.029942000000000000e+07,-4.043053254280455922e-01
1.030035600000000000e+07,1.452428279212579909e+01
1.030129200000000000e+07,3.447122115324672720e+00
1.030222400000000000e+07,2.574056923338732705e+00
1.030316000000000000e+07,1.666005415225850328e+01
1.030409600000000000e+07,4.666796244869311217e+00
1.030503200000000000e+07,1.284656004728712908e+01
1.030596400000000000e+07,5.570178122015377653e+00
1.030690000000000000e+07,1.022904645639002963e+00
1.030783600000000000e+07,8.952155674285195985e+00
1.030877200000000000e+07,3.027006835811985042e+00
1.030970400000000000e+07,-8.494330640779786279e+00
1.031064000000000000e+07,-2.266502276029776652e+01
1.031157600000000000e+07,-2.208598537405658035e+00
1.031251200000000000e+07,-1.317190410050984184e+01
1.031344400000000000e+07,-2.464154907645150328e+00
1.031438000000000000e+07,-4.650963139400372537e-01
1.031531600000000000e+07,-9.054833096581893059e+00
1.031625200000000000e+07,-8.830852385402746307e+00
1.031718400000000000e+07,-1.222927480732930050e+01
1.031812000000000000e+07,1.634239271325388998e+01
1.031905600000000000e+07,5.977522941733157680e+00
1.031999200000000000e+07,-6.286422125299132802e+00
1.032092400000000000e+07,1.371831115901993847e+01
1.032186000000000000e+07,2.121872890182374505e+01
1.032279600000000000e+07,1.091459501246209562e+01
1.032373200000000000e+07,2.992232079816254853e+01
1.032466400000000000e+07,4.780651358566254672e+00
1.032560000000000000e+07,-6.510885829849295536e-01
1.032653600000000000e+07,-2.293198040372612567e+01
1.032747200000000000e+07,-3.047459909824993929e+00
1.032840400000000000e+07,1.405031483017435745e+00
1.032934000000000000e+07,-2.261662662590609774e+00
1.033027600000000000e+07,-4.706109624500667721e+00
1.033121200000000000e+07,1.775951549138520136e+01
1.033214400000000000e+07,6.115494682060966802e+00
1.033308000000000000e+07,-1.653743678312292076e+01
1.033401600000000000e+07,-2.072670004875173433e+01
1.033495200000000000e+07,-8.069226871152139324e+00
1.033588400000000000e+07,-2.580284521551696031e+01
1.033682000000000000e+07,-1.388682316629649449e+01
1.033775600000000000e+07,-4.929424567856430794e-01
1.033869200000000000e+07,-4.260776362648633686e+00
1.033962400000000000e+07,-1.089443148383459103e+01
1.034056000000000000e+07,3.452165711792542169e+00
1.034149600000000000e+07,1.235189217646488125e+01
1.034243200000000000e+07,-1.062747384040622833e+01
1.034336400000000000e+07,9.140931284099291787e-01
1.034430000000000000e+07,1.440407000170785778e+01
1.034523600000000000e+07,-9.419200984050458914e+00
1.034617200000000000e+07,-1.051866232317715699e+01
1.034710400000000000e+07,3.925345116490182029e+00
1.034804000000000000e+07,-6.466056717623026806e+00
1.034897600000000000e+07,-1.231155426196589886e+01
1.034991200000000000e+07,-1.365144118192848133e+01
1.035084400000000000e+07,1.493294169209670841e+01
1.035178000000000000e+07,1.458507378063779214e+01
1.035271600000000000e+07,2.727039310108299119e+01
1.035365200000000000e+07,3.810339868083348591e+01
1.035458400000000000e+07,8.587787786816630131e+00
1.035552000000000000e+07,-1.773562244654295483e+01
1.035645600000000000e+07,-1.168527232753684331e+01
1.035832400000000000e+07,-2.113535894872264009e+01
1.035926000000000000e+07,-3.037796483473893971e+01
1.036019600000000000e+07,-2.264484837442628518e+01
1.036113200000000000e+07,-2.811320757150568639e+01
1.036206400000000000e+07,-1.470288199233809401e+01
1.036300000000000000e+07,-1.098306861519218813e+01
1.036393600000000000e+07,-1.471932686199483165e+01
1.036486800000000000e+07,-1.294287979286282564e+01
1.036580400000000000e+07,3.200338857767789591e+00
1.036674000000000000e+07,3.925345116490182029e+00
1.036767600000000000e+07,1.187739869151411298e+01
1.036861200000000000e+07,1.695990153500033770e+01
1.036954400000000000e+07,1.125243083733818494e+01
1.037048000000000000e+07,3.487320957804195842e+01
1.037141600000000000e+07,1.439398280877211889e+01
1.037235200000000000e+07,1.299949482003101231e+00
1.037328400000000000e+07,2.236221098462642498e+00
1.037422000000000000e+07,1.382228936639699590e+00
1.037515600000000000e+07,-2.337584440506208949e+00
1.037608800000000000e+07,8.477662189334425946e+00
1.037702400000000000e+07,-4.112717429385085666e+00
1.037796000000000000e+07,-1.330724768033138972e+01
1.037889600000000000e+07,1.187739869151411298e+01
1.037983200000000000e+07,-2.891361314779723468e-01
1.038076400000000000e+07,9.301392772350155269e+00
1.038170000000000000e+07,7.656559766824958757e+00
1.038263600000000000e+07,2.112504817399828383e+01
1.038357200000000000e+07,1.475462118002594636e+01
1.038450400000000000e+07,5.357598684025099089e+00
1.038544000000000000e+07,1.082595788110449675e+01
1.038637600000000000e+07,-1.702374213131603309e-01
1.038731200000000000e+07,1.262893701282898107e+01
1.038824400000000000e+07,-4.423966085315789165e+00
1.038918000000000000e+07,1.608179274654652957e+01
1.039011600000000000e+07,2.483004356019526071e+00
1.039105200000000000e+07,-1.515167937743610471e+00
1.039198400000000000e+07,-7.812356420659517298e+00
1.039292000000000000e+07,4.632592425302706651e+00
1.039385600000000000e+07,3.803887817610675626e+01
1.039479200000000000e+07,2.601782923222487653e+01
1.039572400000000000e+07,1.692196819921899476e+01
1.039666000000000000e+07,3.480011854638147550e+00
1.039759600000000000e+07,-3.047459909824993929e+00
1.039853200000000000e+07,-3.829202996762861488e+01
1.039946400000000000e+07,-1.948553745308248963e+01
1.040040000000000000e+07,-2.839156648812291195e+01
1.040133600000000000e+07,-3.237576445454383389e+01
1.040227200000000000e+07,-1.618315608859009558e+01
1.040320400000000000e+07,-3.766108491826387183e+00
1.040414000000000000e+07,-2.071940877330978648e+00
1.040507600000000000e+07,-1.848716076785782292e+01
1.040601200000000000e+07,-1.097680818737182262e+00
1.040694400000000000e+07,5.987767752860635895e+00
1.040788000000000000e+07,5.081157565400933862e+01
1.040881600000000000e+07,2.395162197328676967e+01
1.040975200000000000e+07,-2.135802557964865755e+01
1.041068400000000000e+07,-9.724091963260162785e+00
1.041162000000000000e+07,1.177116022843838650e+01
1.041255600000000000e+07,-1.809971724017576333e+00
1.041349200000000000e+07,-1.783434677083629083e+01
1.041442400000000000e+07,-2.196281904795310780e+01
1.041536000000000000e+07,2.801394370067427086e-01
1.041629600000000000e+07,-9.223066415716916211e+00
1.041723200000000000e+07,-9.825667311400202442e-01
1.041816400000000000e+07,-3.474554861243851178e+01
1.041910000000000000e+07,4.464303999814771551e+00
1.042003600000000000e+07,-1.354767326116727588e+01
1.042097200000000000e+07,-6.908974543513450861e+00
1.042190400000000000e+07,2.536068481204477365e+00
1.042377600000000000e+07,2.561415882236892472e+01
1.042471200000000000e+07,3.318035604379968362e+01
1.042564400000000000e+07,1.435604947299077416e+01
1.042658000000000000e+07,7.565507199505753455e+00
1.042751600000000000e+07,2.388710146856004002e+01
1.042845200000000000e+07,1.177121533479129845e+01
1.042938400000000000e+07,7.982994318512179888e+00
1.043032000000000000e+07,7.018876559207034127e+00
1.043125600000000000e+07,-9.244554881841523297e+00
1.043219200000000000e+07,-2.104830616644453922e+00
1.043312400000000000e+07,-2.567758882863114778e+01
1.043406000000000000e+07,-2.806387296253547348e+01
1.043499600000000000e+07,-2.496529792335075371e+01
1.043593200000000000e+07,-2.617861437617439435e+01
1.043686400000000000e+07,-2.144534863075312714e+01
1.043780000000000000e+07,-3.673741844254050815e+00
1.043873600000000000e+07,-2.593140810745700353e+00
1.043967200000000000e+07,-1.090064168115964183e+00
1.044060400000000000e+07,-4.916283765325130117e-01
1.044154000000000000e+07,6.321716443330245738e+00
1.044247600000000000e+07,1.646391958392496235e+01
1.044341200000000000e+07,4.067099041456841979e-01
1.044434400000000000e+07,3.064995277946239938e+00
1.044528000000000000e+07,2.410812094318665721e+00
1.044621600000000000e+07,-2.028509630311443601e+01
1.044715200000000000e+07,-1.457762560545228325e+01
1.044808400000000000e+07,-2.388469688984240236e+01
1.044902000000000000e+07,-1.490904864725446366e+01
1.044995600000000000e+07,-9.990116007967577705e-01
1.045088800000000000e+07,-1.460920126451262924e+01
1.045182400000000000e+07,-2.244739972583961674e+01
1.045276000000000000e+07,2.236221098462642498e+00
1.045369600000000000e+07,1.250368062594316854e+01
1.045463200000000000e+07,1.002639903107254682e+01
1.045556400000000000e+07,-6.101688830154459176e+00
1.045650000000000000e+07,4.301114277147616072e+00
1.045743600000000000e+07,1.393593419347808648e+01
1.045837200000000000e+07,-4.313840487833584980e+00
1.045930400000000000e+07,1.604517349101831414e+01
1.046024000000000000e+07,2.507015634257646752e+01
1.046117600000000000e+07,8.485333946308557529e+00
1.046211200000000000e+07,2.112278791829961033e+00
1.046304400000000000e+07,-9.554544563872008567e+00
1.046398000000000000e+07,-6.881128400667845035e+00
1.046491600000000000e+07,-7.404956494588827098e+00
1.046585200000000000e+07,9.469626091485178421e+00
1.046678400000000000e+07,-6.662191285956566844e+00
1.046772000000000000e+07,-1.127655832121302204e+01
1.046865600000000000e+07,-1.673861494792433291e+01
1.046959200000000000e+07,-2.249673433480982965e+01
1.047052400000000000e+07,3.090288342712442926e+01
1.047146000000000000e+07,4.170935694428246165e+01
1.047239600000000000e+07,1.913870493373516268e+01
1.047333200000000000e+07,8.206919923338416467e+00
1.047426400000000000e+07,-1.120063654329742242e+01
1.047520000000000000e+07,-1.057440971522127704e+01
1.047613600000000000e+07,-1.440429358349647870e+01
1.047707200000000000e+07,7.056809894988377074e+00
1.047800400000000000e+07,8.566299320692023045e+00
1.047894000000000000e+07,-3.373894461512215948e+00
1.047987600000000000e+07,-1.340597200462472749e+01
1.048081200000000000e+07,2.140340709061550939e+01
1.048174400000000000e+07,1.523788777765932423e+01
1.048268000000000000e+07,-5.012314683963501771e+00
1.048361600000000000e+07,7.061853491456246523e+00
1.048455200000000000e+07,1.775447189491733013e+01
1.048548400000000000e+07,-1.089443148383459103e+01
1.048642000000000000e+07,6.565871540380870286e+00
1.048735600000000000e+07,-1.407670500767666422e+00
1.048829200000000000e+07,-1.724972768840331838e+01
1.048922400000000000e+07,-1.152114130528175018e+00
1.049016000000000000e+07,-1.787732370308550500e+01
1.049109600000000000e+07,4.289713003958747883e+00
1.049203200000000000e+07,2.624705612562074908e+00
1.049296400000000000e+07,3.630041954910900870e+01
1.049390000000000000e+07,2.853945694595075366e+01
1.049483600000000000e+07,2.244476070808938317e+01
1.049577200000000000e+07,-5.823329913537231839e+00
1.049670400000000000e+07,-8.145093542714826995e+00
1.049764000000000000e+07,-2.345082000753214757e+01
1.049857600000000000e+07,-7.324046226558270867e+00
1.049951200000000000e+07,-4.250689169712895676e+00
1.050044400000000000e+07,1.019967594667543942e+01
1.050138000000000000e+07,1.803656032774929940e+01
1.050231600000000000e+07,-1.030587259857102644e+00
1.050325200000000000e+07,1.415991490465723501e+01
1.050418400000000000e+07,3.124702182236860892e+01
1.050512000000000000e+07,2.817377497822905497e+01
1.050605600000000000e+07,1.379050342072079971e+01
1.050699200000000000e+07,-4.026708458533748036e+00
1.050792400000000000e+07,-2.989338415685243078e+01
1.050886000000000000e+07,5.609425538049852555e+00
1.050979600000000000e+07,1.402830084105042374e+01
1.051073200000000000e+07,1.728633608668755883e+01
1.051166400000000000e+07,-4.288622505494238624e+00
1.051260000000000000e+07,-1.401076547292917773e+01
1.051353600000000000e+07,-9.970875220817045914e+00
1.051447200000000000e+07,-2.631401306234885240e+01
1.051540400000000000e+07,-2.341656108161263461e+01
1.051634000000000000e+07,-1.983976304126240464e+01
1.051727600000000000e+07,-2.670376668914429708e+00
1.051821200000000000e+07,5.999066514210674939e+00
1.051914400000000000e+07,3.210868574116567942e+01
1.052008000000000000e+07,2.153502115422232066e+01
1.052101600000000000e+07,-1.416386800266059431e+01
1.052195200000000000e+07,-1.986635021020778780e+01
1.052288400000000000e+07,-2.825490882804823300e+01
1.052382000000000000e+07,-2.357097769159717870e+01
1.052475600000000000e+07,3.687547696160557997e+00
1.052569200000000000e+07,2.713877903747617992e+01
1.052662400000000000e+07,-2.236444680251264749e+00
1.052756000000000000e+07,-1.825309286374293904e+01
1.052849600000000000e+07,2.411102707338627482e+01
1.052943200000000000e+07,-1.837330565416088035e+01
1.053036400000000000e+07,-3.688767764929221471e+01
1.053130000000000000e+07,-2.530817734469471247e+01
1.053223600000000000e+07,1.108913616490340370e+00
1.053317200000000000e+07,6.914264974839114952e-01
1.053410400000000000e+07,-1.176749667582052972e+01
1.053504000000000000e+07,-7.484607788719165988e+00
1.053597600000000000e+07,1.625769782265568253e+01
1.053691200000000000e+07,1.272766133712231706e+01
1.053784400000000000e+07,5.174179469133556530e+00
1.053878000000000000e+07,-1.408164365437690790e+01
1.053971600000000000e+07,-2.944169321827939712e+01
1.054065200000000000e+07,-2.398473529438886587e+01
1.054158400000000000e+07,-2.292693680725825445e+01
1.054252000000000000e+07,-2.953405986585173437e+01
1.054345600000000000e+07,-2.711488599263393340e+01
1.054439200000000000e+07,-2.350519821297023171e+01
1.054532400000000000e+07,-2.593314519887064051e+01
1.054626000000000000e+07,-1.249524374568380392e+00
1.054719600000000000e+07,4.606060362710231004e+00
1.054813200000000000e+07,-9.768438082115416421e+00
1.054906400000000000e+07,-1.074900071107730248e+01
1.055000000000000000e+07,-4.990826217838894685e+00
1.055093600000000000e+07,4.431414260501297164e+00
1.055187200000000000e+07,-1.006697138460412155e+01
1.055280400000000000e+07,-1.037696106663460682e+01
1.055374000000000000e+07,-1.107823118025831555e+00
1.055467600000000000e+07,-6.307910591423739888e+00
1.055561200000000000e+07,-1.482278198430135863e+00
1.055654400000000000e+07,1.534017386117986437e+00
1.055748000000000000e+07,2.412752704939592618e+01
1.055841600000000000e+07,1.923868823192872313e+01
1.055935200000000000e+07,3.035252327061096977e+01
1.056028400000000000e+07,-5.403269740377453445e+00
1.056122000000000000e+07,2.206625287478811703e-01
1.056215600000000000e+07,-2.001813865968607686e+01
1.056309200000000000e+07,2.252665968119380135e+00
1.056402400000000000e+07,2.890382483341931774e+01
1.056496000000000000e+07,8.119651978586858831e+00
1.056589600000000000e+07,2.118578405615735960e+01
1.056683200000000000e+07,-1.717660182798150803e+00
1.056776400000000000e+07,-1.096530966528231943e+01
1.056870000000000000e+07,5.275319229388501618e+00
1.056963600000000000e+07,-1.941465927163475769e+01
1.057057200000000000e+07,-3.028559818716660246e+01
1.057150400000000000e+07,-1.859092868861903014e+01
1.057244000000000000e+07,-1.642358166942597819e+01
1.057337600000000000e+07,-2.294842527338286331e+01
1.057431200000000000e+07,-1.231155426196589886e+01
1.057524400000000000e+07,-5.080732461892505381e-01
1.057618000000000000e+07,-5.552642753894131644e+00
1.057711600000000000e+07,-1.712578538177063692e+01
1.057805200000000000e+07,7.454067521770418203e+00
1.057898400000000000e+07,1.449139305281232559e+01
1.057992000000000000e+07,1.992313299436350604e+01
1.058085600000000000e+07,4.857887216734984470e+00
1.058179200000000000e+07,-8.774847301256853971e-01
1.058272400000000000e+07,9.167662564733075614e-02
1.058366000000000000e+07,-6.042267028248510030e+00
1.058459600000000000e+07,-8.427237081899704663e+00
1.058553200000000000e+07,-1.813923775004599293e+01
1.058646400000000000e+07,-1.170171719719358094e+01
1.058740000000000000e+07,-1.339084121522111914e+01
1.058833600000000000e+07,-1.895025297961972299e+01
1.058927200000000000e+07,-1.702837513773042843e+01
1.059020400000000000e+07,2.700627390477674084e+00
1.059114000000000000e+07,5.352555087557230529e+00
1.059207600000000000e+07,1.377778806727880223e+01
1.059301200000000000e+07,2.374192838790452065e+00
1.059394400000000000e+07,3.193868530412168338e-01
1.059488000000000000e+07,-5.572817139765609440e+00
1.059581600000000000e+07,-1.122086603552181217e+01
1.059675200000000000e+07,-9.930313724529442609e+00
1.059768400000000000e+07,9.987096508685160856e+00
1.059862000000000000e+07,2.737246646005887740e+00
1.059955600000000000e+07,-4.056194056811756044e-01
1.060049200000000000e+07,4.416283471097688818e+00
1.060142400000000000e+07,-3.634494428219576800e+00
1.060236000000000000e+07,-2.061153085480165359e+01
1.060329600000000000e+07,-9.707647093603425148e+00
1.060423200000000000e+07,2.245484790102512207e+01
1.060516400000000000e+07,1.076653607919854849e+01
1.060610000000000000e+07,-4.733955767346273547e+00
1.060703600000000000e+07,-1.004055197264626997e+00
1.060797200000000000e+07,5.876585767227071599e-01
1.060890400000000000e+07,3.658387473061821549e+00
1.060984000000000000e+07,-2.854066152632336317e-01
1.061077600000000000e+07,-1.821428103559356027e+00
1.061171200000000000e+07,-1.844897183487337333e-02
1.061264400000000000e+07,1.284151645081925963e+01
1.061358000000000000e+07,-4.494844266763518448e+00
1.061451600000000000e+07,-4.626458330370329719e+00
1.061545200000000000e+07,-9.775231346721515724e-01
1.061638400000000000e+07,-2.207163056518218269e+01
1.061732000000000000e+07,-1.124498266215267783e+01
1.061825600000000000e+07,-1.143607363401835109e+01
1.061919200000000000e+07,-2.664675018440416565e+01
1.062012400000000000e+07,-1.231286834221902993e+01
1.062106000000000000e+07,-2.468184030391274320e+01
1.062199600000000000e+07,-1.599847789979833479e+01
1.062293200000000000e+07,-5.839950241048496027e-01
1.062386400000000000e+07,5.768885744502268764e+00
1.062480000000000000e+07,1.470397249080260416e+01
1.062573600000000000e+07,-1.327698610152417658e+01
1.062667200000000000e+07,-2.844095620344603859e+01
1.062760400000000000e+07,-1.772049165713934826e+01
1.062854000000000000e+07,-1.633121502185364093e+01
1.062947600000000000e+07,-2.465468987898280062e+00
1.063041200000000000e+07,-2.208807543483892033e+01
1.063134400000000000e+07,-5.562729946829871430e+00
1.063228000000000000e+07,-5.948586300423043483e+00
1.063322000000000000e+07,4.780651358566254672e+00
1.063415200000000000e+07,-4.170206788700441258e-01
1.063508400000000000e+07,1.916144223496420107e+00
1.063602000000000000e+07,4.547897534704499201e+00
1.063695600000000000e+07,-1.128291599793402256e+01
1.063789200000000000e+07,-8.484243447844047381e+00
1.063882400000000000e+07,-2.076967698100094495e+01
1.063976000000000000e+07,1.126624754648866222e+01
1.064069600000000000e+07,-1.623979454972684255e+00
1.064163200000000000e+07,5.384130746617574736e+00
1.064256400000000000e+07,4.724893827726339701e-01
1.064350000000000000e+07,-1.194587229424420372e+01
1.064443600000000000e+07,2.241264694930511503e+00
1.064537200000000000e+07,-2.954938081989716969e-01
1.064630400000000000e+07,3.908900246833444392e+00
1.064724000000000000e+07,-1.623979454972684255e+00
1.064817600000000000e+07,1.505184040226152220e+01
1.064911200000000000e+07,-1.039844953275921391e+01
1.065004400000000000e+07,-9.610782650154139350e-01
1.065098000000000000e+07,2.110964711576831299e+00
1.065191600000000000e+07,-3.438359859886035430e+00
1.065285200000000000e+07,4.523780908073633533e+00
1.065378400000000000e+07,-8.727084464641540862e+00
1.065472800000000000e+07,-9.440689450175066000e+00
1.065565600000000000e+07,-7.283429623917755613e+00
1.065659200000000000e+07,6.969486843883910154e+00
1.065752400000000000e+07,3.801347703504589504e+00
1.065846000000000000e+07,1.026046693518743247e+01
1.065939600000000000e+07,8.553583967250023790e+00
1.066033200000000000e+07,-1.320479383982331711e+01
1.066126400000000000e+07,-2.454067714709412318e+00
1.066220000000000000e+07,-1.194587229424420372e+01
1.066313600000000000e+07,-8.041325621953621550e+00
1.066407200000000000e+07,8.925568505339809278e+00
1.066500400000000000e+07,4.793366712008253039e+00
1.066594000000000000e+07,-3.825530293732337661e+00
1.066687600000000000e+07,-9.872206002876621866e+00
1.066781200000000000e+07,2.110964711576831299e+00
1.066874400000000000e+07,-1.045414181845042556e+01
1.066968000000000000e+07,4.955242354422278339e+00
1.067061600000000000e+07,-7.876821819033336780e+00
1.067155200000000000e+07,-8.522667477863401508e-01
1.067248400000000000e+07,-9.081365159174367818e+00
1.067342000000000000e+07,6.718974070112286867e+00
1.067435600000000000e+07,-1.155843646742913844e+00
1.067529200000000000e+07,-1.712616586330282242e+00
1.067623200000000000e+07,-5.932141430766305845e+00
1.067716000000000000e+07,1.398673806296437228e+00
1.067809600000000000e+07,-6.307910591423739888e+00
1.067903200000000000e+07,9.120388993420220913e+00
1.067996400000000000e+07,-3.942181324923075270e-01
1.068090000000000000e+07,-4.010263588877011287e+00
1.068183600000000000e+07,1.052742457861579339e+01
1.068277200000000000e+07,2.346656319254941252e+02
1.068370400000000000e+07,2.238514789504949931e+02
1.068464000000000000e+07,9.060615756140143162e+01
1.068557600000000000e+07,6.252263491586074196e+01
1.068651200000000000e+07,5.352298025934775438e+01
1.068744400000000000e+07,-3.024657363447257552e+00
1.068838000000000000e+07,-3.160394153465166411e+01
1.068931600000000000e+07,6.343204909454852825e+00
1.069025200000000000e+07,-1.520390753988133881e+01
1.069118400000000000e+07,-2.388096737362766575e+01
1.069212000000000000e+07,-3.549341252389154988e+01
1.069305600000000000e+07,-6.917548413715948641e+01
1.069399200000000000e+07,-8.991158135692195685e+01
1.069492400000000000e+07,-6.122343056213555457e+01
1.069586000000000000e+07,-4.205750354388290191e+01
1.069679600000000000e+07,-5.425188450972059684e+01
1.069773600000000000e+07,-3.751395958372126671e+01
1.069866400000000000e+07,-7.584646193265630387e+00
1.069960000000000000e+07,-1.101091475803779396e+01
1.070053600000000000e+07,-1.145120442342195766e+01
1.070147200000000000e+07,7.061853491456246523e+00
1.070240400000000000e+07,9.550591465868647489e+00
1.070334000000000000e+07,1.256972549753888169e+00
1.070427600000000000e+07,8.032328927482392800e+00
1.070521200000000000e+07,1.404474571070716138e+01
1.070614400000000000e+07,9.823906786018005377e+00
1.070708000000000000e+07,-8.878928020472740101e+00
1.070801600000000000e+07,-1.230146706903016174e+01
1.070894800000000000e+07,-3.760501215104047645e+01
1.070988400000000000e+07,-2.033448601843755910e+01
1.071082000000000000e+07,-1.833032872191166618e+01
1.071175600000000000e+07,2.613304339373206275e+00
1.071269200000000000e+07,9.563306819310646745e+00
1.071362400000000000e+07,1.290099335907812161e+01
1.071456000000000000e+07,3.040185787958118269e+01
1.071549600000000000e+07,1.569089279648548541e+01
1.071643200000000000e+07,1.511767498724138292e+01
1.071736400000000000e+07,-1.390195395570010284e+01
1.071830000000000000e+07,1.068294254430881729e+01
1.071924000000000000e+07,7.905758460343450977e+00
1.072017200000000000e+07,6.097735732151098986e+00
1.072110400000000000e+07,1.087534759642762161e+01
1.072204000000000000e+07,2.125666223760508800e+01
1.072297600000000000e+07,-1.109560964863599963e+01
1.072391200000000000e+07,-2.361905332666717428e+01
1.072484400000000000e+07,-1.924006827577873224e+01
1.072578000000000000e+07,-1.689171747765574949e+01
1.072671600000000000e+07,2.727159453070150175e+00
1.072765200000000000e+07,2.681234448578895879e+01
1.072858400000000000e+07,9.457238938231851133e-01
1.072952000000000000e+07,2.137818910827616747e+01
1.073045600000000000e+07,2.258010428791093460e+01
1.073138800000000000e+07,-1.531612807400347886e+00
1.073232400000000000e+07,-2.194637417829637371e+01
1.073326000000000000e+07,-1.653370726690818060e+01
1.073419600000000000e+07,-1.402721034258591537e+01
1.073513200000000000e+07,-1.202809664252789013e+01
1.073606400000000000e+07,3.979723321928263502e+00
1.073700000000000000e+07,-1.582887539405726862e+01
1.073793600000000000e+07,2.029999337193363118e+00
1.073887200000000000e+07,1.054759896448726941e+01
1.073980400000000000e+07,6.593717683226476112e+00
1.074074800000000000e+07,1.087534759642762161e+01
1.074167600000000000e+07,8.484019866055424686e+00
1.074261200000000000e+07,-1.168527232753684331e+01
1.074354400000000000e+07,-1.459407047510902089e+01
1.074448000000000000e+07,-1.460920126451262924e+01
1.074541600000000000e+07,-1.362490911933600479e+01
1.074635200000000000e+07,-2.483872745621181366e+01
1.074728400000000000e+07,-3.776195684762125637e+00
1.074822000000000000e+07,-1.731550716703026893e+01
1.074915600000000000e+07,-2.013199377338301943e+01
1.075009200000000000e+07,-9.779839355304284609e+00
1.075102400000000000e+07,-1.387410781285449701e+01
1.075196000000000000e+07,3.724166951688771210e+00
1.075289600000000000e+07,2.435523727678981132e+01
1.075383200000000000e+07,3.284252021892358897e+01
1.075476400000000000e+07,2.773852890931276249e+01
1.075570000000000000e+07,2.191714799160075344e+01
1.075663600000000000e+07,1.424219435929383337e+01
1.075757200000000000e+07,1.833273330062930384e+01
1.075850400000000000e+07,-3.744620025701780985e+00
1.075944000000000000e+07,-2.145170630747412588e+01
1.076037600000000000e+07,-1.004548291847951447e+01
1.076131200000000000e+07,1.719901303558309280e+01
1.076225200000000000e+07,3.007542332789396156e+01
1.076318000000000000e+07,3.199861525003638718e+01
1.076411600000000000e+07,4.674121109854534240e+01
1.076505200000000000e+07,3.755808212078790120e+01
1.076598400000000000e+07,1.106133986547251524e+01
1.076692000000000000e+07,4.416283471097688818e+00
1.076785600000000000e+07,-4.010263588877011287e+00
1.076879200000000000e+07,-7.787077374082373993e-02
1.076972400000000000e+07,-2.272575864245684585e+01
1.077066000000000000e+07,-4.947849285589682289e+00
1.077159600000000000e+07,-2.145674990394199355e+01
1.077253200000000000e+07,-6.564781041916361914e+00
1.077346400000000000e+07,-2.594454890998830532e+00
1.077440000000000000e+07,-2.042811163991011725e+01
1.077533600000000000e+07,-1.177763897510918056e+01
1.077627200000000000e+07,-2.612213840908698792e+00
1.077720400000000000e+07,-1.181052871442265406e+01
1.077814000000000000e+07,-1.750155454242807096e+01
1.077907600000000000e+07,1.204437303674891702e+01
1.078001200000000000e+07,-1.933616443956580611e+01
1.078094400000000000e+07,-1.372862193374430007e+01
1.078188000000000000e+07,-1.193578510130846482e+01
1.078281600000000000e+07,-1.429921158248214397e+01
1.078375600000000000e+07,4.632592425302706651e+00
1.078468400000000000e+07,-3.890050798459068204e+00
1.078562000000000000e+07,1.719901303558309280e+01
1.078655600000000000e+07,-1.732790972201758706e+00
1.078749200000000000e+07,-8.209614047441556650e+00
1.078842400000000000e+07,-1.883004018920178169e+01
1.078936000000000000e+07,1.165473206058809552e+01
1.079029600000000000e+07,1.787972828180314266e+01
1.079123200000000000e+07,8.963556947474064174e+00
1.079216400000000000e+07,1.052742457861579339e+01
1.079310000000000000e+07,5.843493442164738205e+00
1.079403600000000000e+07,2.046713547415596679e+01
1.079496800000000000e+07,1.063623609584486651e+01
1.079590400000000000e+07,1.234553449974388428e+01
1.079684000000000000e+07,-6.030865755059641842e+00
1.079777600000000000e+07,-1.041116488620120961e+01
1.079871200000000000e+07,-1.286198736449505553e+00
1.079964400000000000e+07,-2.245217792933872136e+00
1.080058000000000000e+07,2.337598872808105810e+01
1.080151600000000000e+07,4.516851524836809517e+01
1.080245200000000000e+07,2.864826846317982501e+01
1.080338400000000000e+07,-5.056605696465844346e+00
1.080432000000000000e+07,-3.691930841470546909e+01
1.080526000000000000e+07,-5.036756732965440619e+01
1.080619200000000000e+07,-1.263798881365312354e+01
1.080712400000000000e+07,-1.119224391214699965e+00
1.080806000000000000e+07,-2.277514835777996893e+01
1.080899600000000000e+07,1.888682297335750349e+01
1.080993200000000000e+07,1.674737720336296931e+01
1.081086400000000000e+07,2.583813953354807325e+01
1.081180000000000000e+07,1.671443235769658742e+01
1.081273600000000000e+07,8.538453177846417219e+00
1.081367200000000000e+07,-2.570039137500888060e+01
1.081460400000000000e+07,-3.602097013402727299e+01
1.081554000000000000e+07,-2.913548815881656395e+01
1.081647600000000000e+07,1.326662022044690659e+01
1.081740800000000000e+07,3.795029615110207288e+01
1.081834400000000000e+07,1.100827574028756217e+01
1.081928000000000000e+07,-8.838424068466845807e-01
1.082021600000000000e+07,7.597082858566096775e+00
1.082115200000000000e+07,2.492335638321313951e+01
1.082208400000000000e+07,1.822260770314710143e+01
1.082302000000000000e+07,-1.869974020584810148e+01
1.082395600000000000e+07,-3.846541709593732605e+01
1.082489200000000000e+07,-2.360896613373143182e+01
1.082582400000000000e+07,-1.942979006103836426e+01
1.082676800000000000e+07,7.170665008685320529e+00
1.082769600000000000e+07,-2.555233244174533525e+01
1.082863200000000000e+07,1.111950269347824261e+01
1.082956400000000000e+07,1.420426102351248865e+01
1.083050000000000000e+07,2.165523394464026197e+01
1.083143600000000000e+07,9.921317030058212083e+00
1.083237200000000000e+07,-5.622151748735821464e+00
1.083330400000000000e+07,-6.301608021055652209e+00
1.083424000000000000e+07,4.738933400217260505e+00
1.083517600000000000e+07,2.183229548281080312e+01
1.083611200000000000e+07,-9.708961173856554439e+00
1.083704400000000000e+07,-1.331491943730552130e+01
1.083798000000000000e+07,4.355492482585697545e+00
1.083891600000000000e+07,2.934411449880348499e+01
1.083985200000000000e+07,2.121494427925609827e+01
1.084078400000000000e+07,1.135861419406099948e+01
1.084172000000000000e+07,8.116392879018539119e-01
1.084265600000000000e+07,6.991030416361427413e+00
1.084359200000000000e+07,-2.543343373158052501e+01
1.084452400000000000e+07,-4.234973427600351670e+01
1.084546000000000000e+07,-1.829527747551589201e-01
1.084639600000000000e+07,2.567494981088091777e+01
1.084733200000000000e+07,4.506984603042767645e+01
1.084827200000000000e+07,-1.537088188511614639e+01
1.084920000000000000e+07,-2.008397324466593759e+01
1.085013600000000000e+07,-3.335764116375884925e+01
1.085107200000000000e+07,-5.081421467175956508e+01
1.085200400000000000e+07,-2.803098322322199820e+01
1.085294000000000000e+07,-1.103744682063026694e+01
1.085387600000000000e+07,-2.176164088315169920e+01
1.085481200000000000e+07,4.289713003958747883e+00
1.085574400000000000e+07,2.782080836394935730e+01
1.085668000000000000e+07,4.572901770417020373e+01
1.085761600000000000e+07,1.201405635158879193e+01
1.085855200000000000e+07,1.797713852584335115e+01
1.085948400000000000e+07,-3.230620035334923301e+01
1.086042000000000000e+07,-5.518815612618013944e+01
1.086135600000000000e+07,1.447999177962345740e+01
1.086229200000000000e+07,2.376058610777401015e+01
1.086322400000000000e+07,2.264588376653788160e+01
1.086416000000000000e+07,5.004632069745403200e+00
1.086509600000000000e+07,2.031534702467768128e+01
1.086603200000000000e+07,2.389976171564912732e+01
1.086696400000000000e+07,3.030823225810863164e+01
1.086790000000000000e+07,1.401185597139368610e+01
1.086883600000000000e+07,-1.642358166942597819e+01
1.086977600000000000e+07,-4.621760658641297681e+01
1.087070400000000000e+07,-3.590580094007719936e+01
1.087164000000000000e+07,-1.183837485726825989e+01
1.087257600000000000e+07,-1.677150468723780818e+01
1.087351200000000000e+07,2.687912037035675716e+00
1.087444400000000000e+07,1.016300158479431559e+01
1.087538000000000000e+07,-6.124491376532196441e+00
1.087631600000000000e+07,-1.958667721333743117e+01
1.087725200000000000e+07,-1.593395739507160158e+01
1.087818400000000000e+07,-2.553961708830333777e+01
1.087912000000000000e+07,1.246574729016182559e+01
1.088005600000000000e+07,2.892531329954392305e+01
1.088099200000000000e+07,1.150162953085667894e+01
1.088192400000000000e+07,-1.270376829228007054e+01
1.088286000000000000e+07,6.970800924137040333e+00
1.088379600000000000e+07,2.441092956248102297e+01
1.088473200000000000e+07,-1.023525981009205843e+01
1.088566400000000000e+07,-2.233990228886366936e+01
1.088660000000000000e+07,-1.717511999074084628e+01
1.088753600000000000e+07,-1.252917729642404865e+01
1.088847200000000000e+07,-2.668599760043863611e+01
1.088940400000000000e+07,-2.075670393545717474e+00
1.089034000000000000e+07,5.830778088722738950e+00
1.089128000000000000e+07,-1.186995051632860410e+01
1.089220800000000000e+07,-9.135798470965360352e+00
1.089314400000000000e+07,1.693336947240786472e+01
1.089408000000000000e+07,3.544138379081820034e+01
1.089501600000000000e+07,2.688453674748981470e+01
1.089595200000000000e+07,5.293133285651279607e+00
1.089688400000000000e+07,-3.357449591855479198e+00
1.089782000000000000e+07,-3.970410914929205148e+01
1.089875600000000000e+07,-3.433951787297386460e+01
1.089969200000000000e+07,-4.137048572729476348e+01
1.090062400000000000e+07,-3.111305828639707016e+01
1.090156000000000000e+07,1.334254199836250443e+01
1.090249600000000000e+07,1.266692545496323596e+01
1.090343200000000000e+07,2.647450866091286770e+01
1.090436400000000000e+07,2.894811584592165943e+01
1.090530000000000000e+07,3.382812644435334448e+01
1.090623600000000000e+07,1.637160804270553527e+01
1.090717200000000000e+07,-1.455613713932767617e+01
1.090810400000000000e+07,-6.502415420731202289e+01
1.090904000000000000e+07,-4.085296020374187265e+01
1.090997600000000000e+07,-1.775206731619969247e+01
1.091091200000000000e+07,1.510627371405251296e+01
1.091184400000000000e+07,1.722055660806061184e+01
1.091278800000000000e+07,1.140421928681647223e+01
1.091371600000000000e+07,-2.071940877330978648e+00
1.091465200000000000e+07,-2.422253271471849345e+01
1.091558400000000000e+07,-2.937591373965245012e+01
1.091652000000000000e+07,-1.105893528675487403e+01
1.091745600000000000e+07,1.054759896448726941e+01
1.091839200000000000e+07,2.345689899611161522e+01
1.091932400000000000e+07,-1.048577258386367994e+01
1.092026000000000000e+07,-2.350519821297023171e+01
1.092119600000000000e+07,-9.788612467986894217e+00
1.092213200000000000e+07,2.788023016585530911e+01
1.092306400000000000e+07,3.785288590706186795e+01
1.092400000000000000e+07,1.728633608668755883e+01
1.092493600000000000e+07,-1.834545951131527275e+01
1.092587200000000000e+07,-8.684107532392326689e+00
1.092680400000000000e+07,-4.527734006076993722e+00
1.092774000000000000e+07,-1.079329172357964595e+01
1.092867600000000000e+07,-2.049263214463684690e+01
1.092961200000000000e+07,-2.637979254097580295e+01
1.093054400000000000e+07,-6.194055477726796433e+00
1.093148000000000000e+07,1.751026169151379719e+01
1.093241600000000000e+07,2.656188681837024745e+01
1.093335200000000000e+07,3.308798939622734991e+01
1.093429200000000000e+07,4.263180941366272236e+00
1.093522000000000000e+07,-3.443403456353904879e+00
1.093615600000000000e+07,5.041251325273615969e+00
1.093709200000000000e+07,-1.353292295329585615e+00
1.093802400000000000e+07,-3.460011783968121790e+01
1.093896000000000000e+07,-4.151218698383731720e+01
1.093989600000000000e+07,-5.095591592830211880e+01
1.094083200000000000e+07,-2.279027914718357906e+01
1.094176400000000000e+07,-1.569857541070358664e+01
1.094270000000000000e+07,1.659273773003797858e+00
1.094363600000000000e+07,6.190102379723436243e+00
1.094457200000000000e+07,6.931553508102565431e+00
1.094550400000000000e+07,6.394637280074395580e-01
1.094644000000000000e+07,1.272103339157495405e+00
1.094737600000000000e+07,1.015538493417309596e+01
1.094831200000000000e+07,8.482585434300680127e-01
1.094924400000000000e+07,-2.073810132194060074e+01
1.095018000000000000e+07,-1.869601068963336132e+01
1.095111600000000000e+07,-1.075908790401303960e+01
1.095205200000000000e+07,-4.260776362648633686e+00
1.095298400000000000e+07,9.954206769371687358e+00
1.095392000000000000e+07,-9.196534353124441452e+00
1.095485600000000000e+07,-1.821428103559356027e+00
1.095579600000000000e+07,-9.806371417896761145e+00
1.095672400000000000e+07,-3.655982894344182998e+00
1.095766000000000000e+07,1.284151645081925963e+01
1.095859600000000000e+07,1.250872422241103799e+01
1.095953200000000000e+07,1.045018872044706271e+01
1.096046400000000000e+07,8.812033890964541261e-01
1.096140000000000000e+07,9.796060643172401328e+00
1.096233600000000000e+07,1.539060982585855664e+00
1.096327200000000000e+07,-2.055496007674241454e+00
1.096420400000000000e+07,-4.260776362648633686e+00
1.096514000000000000e+07,-9.816458610832500042e+00
1.096607600000000000e+07,-2.076967698100094495e+01
1.096701200000000000e+07,-2.341151748514476338e+01
1.096794400000000000e+07,-2.685428602592657299e+01
1.096888000000000000e+07,-2.280672401684031314e+01
1.096981600000000000e+07,-9.071277966238628920e+00
1.097075200000000000e+07,-1.195146169130299141e+00
1.097168400000000000e+07,-3.449761133074903618e+00
1.097262000000000000e+07,1.283011517763039144e+01
1.097355600000000000e+07,1.236197936940062014e+01
1.097449200000000000e+07,5.629599923921328575e+00
1.097542400000000000e+07,1.158248225460552394e+00
1.097636000000000000e+07,-4.011577669130140578e+00
1.097730000000000000e+07,-3.286571410407748139e+00
1.097823200000000000e+07,8.869876219648597626e+00
1.097916400000000000e+07,3.658387473061821549e+00
1.098010000000000000e+07,-5.460065819705943735e-01
1.098103600000000000e+07,6.343204909454852825e+00
1.098197200000000000e+07,1.045523231691493216e+01
1.098290400000000000e+07,1.171420896884695573e+01
1.098384000000000000e+07,8.859789026712858728e+00
1.098477600000000000e+07,2.209552361002442566e+01
1.098571200000000000e+07,5.843493442164738205e+00
1.098664400000000000e+07,1.813024105557476418e+01
1.098758000000000000e+07,-9.217757426280284161e-01
1.098851600000000000e+07,9.572079931993254576e+00
1.098945200000000000e+07,-4.512603216673386264e+00
1.099038400000000000e+07,1.330965225904903093e+01
1.099132000000000000e+07,4.317559146804353709e+00
1.099225600000000000e+07,2.448800536452921506e+00
1.099319200000000000e+07,-2.062797572445839478e+01
1.099412400000000000e+07,-4.610013460713592970e+00
1.099506000000000000e+07,-4.043053254280455922e-01
1.099599600000000000e+07,3.391429829633461956e+00
1.099693200000000000e+07,1.334254199836250443e+01
1.099786400000000000e+07,2.787387248913431037e+01
1.099880400000000000e+07,1.620704913343233855e+01
1.099973600000000000e+07,-2.398375429018200666e+00
1.100067200000000000e+07,-8.352629384237236110e+00
1.100160400000000000e+07,-2.107588204046377811e+01
1.100254000000000000e+07,9.572079931993254576e+00
1.100347600000000000e+07,-1.649818936708845030e+01
1.100441200000000000e+07,1.674359258079531898e+01
1.100534400000000000e+07,2.347077081161500089e+01
1.100628000000000000e+07,4.299800196894485893e+00
1.100721600000000000e+07,-2.158069221057467146e+01
1.100815200000000000e+07,-5.438787640197189077e+00
1.100908400000000000e+07,8.945797997564197246e+00
1.101002000000000000e+07,5.532244786234034706e+00
1.101095600000000000e+07,6.578586893822868653e+00
1.101189200000000000e+07,-9.287586920443647642e+00
1.101376000000000000e+07,-1.055286614274375978e+01
1.101469600000000000e+07,-1.889718885443477703e+01
1.101563200000000000e+07,-1.451426156278694179e+01
1.101656400000000000e+07,5.189310258537163989e+00
1.101750000000000000e+07,-4.173453311544165878e+00
1.101843600000000000e+07,-1.148403905638252098e+01
1.101937200000000000e+07,-1.443718332280995398e+01
1.102030800000000000e+07,-3.331466423150963863e+01
1.102124000000000000e+07,-2.065829240961852165e+01
1.102217600000000000e+07,-3.330862422910092047e+00
1.102311200000000000e+07,-5.453918429600797424e+00
1.102404400000000000e+07,1.212418194907099434e+01
1.102498000000000000e+07,2.874940822343477009e+01
1.102591600000000000e+07,9.891000344898085217e+00
1.102685200000000000e+07,8.750977509483785610e+00
1.102778400000000000e+07,-2.306995214405393213e+01
1.102872000000000000e+07,2.218462148552775126e+00
1.102965600000000000e+07,-3.085393245606337320e+00
1.103059200000000000e+07,-2.661548449878910816e+00
1.103152400000000000e+07,1.020099002692857226e+01
1.103246000000000000e+07,-4.277221232305371323e+00
1.103339600000000000e+07,4.280939891276139164e+00
1.103433200000000000e+07,1.738500530462798466e+01
1.103526400000000000e+07,-3.558572650303977625e+00
1.103620000000000000e+07,-6.400277238996076257e+00
1.103713600000000000e+07,5.876383181478212592e+00
1.103807200000000000e+07,5.341153814368362340e+00
1.103900400000000000e+07,-1.168395824728371224e+01
1.103994000000000000e+07,-2.232214333895380776e+01
1.104087600000000000e+07,-1.545442031365296209e+01
1.104181200000000000e+07,-6.800163026284377743e+00
1.104274400000000000e+07,-3.509238041333765601e+00
1.104368000000000000e+07,-1.249754653101079072e+01
1.104461600000000000e+07,-1.331360535705239023e+01
1.104555200000000000e+07,-1.186995051632860410e+01
1.104648400000000000e+07,9.540614186206997083e-02
1.104742000000000000e+07,-1.762681092931388349e+01
1.104835600000000000e+07,-8.903044647103605769e+00
1.104929200000000000e+07,-2.361773924641404676e+01
1.105022400000000000e+07,-6.892529673856714112e+00
1.105116000000000000e+07,-3.558572650303977625e+00
1.105209600000000000e+07,6.806297121216754675e+00
1.105303200000000000e+07,1.766210524734499288e+01
1.105396400000000000e+07,4.241692475241665150e+00
1.105490000000000000e+07,1.285796132047599727e+01
1.105583600000000000e+07,1.019967594667543942e+01
1.105677200000000000e+07,7.907072540596581156e+00
1.105770400000000000e+07,1.522275698825571766e+01
1.105864000000000000e+07,2.268760172488687843e+01
1.105957600000000000e+07,-4.157065986169139471e-01
1.106051200000000000e+07,-4.026708458533748036e+00
1.106144400000000000e+07,9.241803213456671884e-01
1.106238000000000000e+07,1.305409588880953642e+01
1.106331600000000000e+07,-6.892529673856714112e+00
1.106425200000000000e+07,-9.310389466821384019e+00
1.106518400000000000e+07,-1.696895333582448018e+01
1.106612000000000000e+07,-1.077553277366977547e+01
1.106705600000000000e+07,-9.386311244736983639e+00
1.106799200000000000e+07,-1.898950039565419701e+01
1.106892400000000000e+07,-6.642016900085090825e+00
1.106986000000000000e+07,5.003317989492271245e+00
1.107079600000000000e+07,-5.938499107487305473e+00
1.107173200000000000e+07,5.698996268128394549e-01
1.107266400000000000e+07,3.358317226979541936e-01
1.107360000000000000e+07,-8.504417833715525177e+00
1.107453600000000000e+07,-7.421411503041357438e-01
1.107546800000000000e+07,-1.196736076036880903e+01
1.107640400000000000e+07,-7.158173237031943970e+00
1.107734000000000000e+07,-3.291615006875617588e+00
1.107921200000000000e+07,5.358912764278230156e+00
1.108014400000000000e+07,1.451288151893693268e+01
1.108108000000000000e+07,1.091328093220896278e+01
1.108201600000000000e+07,6.446972830216057382e+00
1.108295200000000000e+07,-1.816386945020286581e-01
1.108388400000000000e+07,-5.308757925669869149e-01
1.108482000000000000e+07,-5.932141430766305845e+00
1.108575600000000000e+07,6.888576575853353035e+00
1.108669200000000000e+07,8.996446686787539448e+00
1.108762400000000000e+07,7.524945703218147486e+00
1.108856000000000000e+07,-7.751565432147526025e+00
1.108949600000000000e+07,-9.888650872533359504e+00
1.109043200000000000e+07,5.003317989492271245e+00
1.109136400000000000e+07,1.245566009722608669e+01
1.109230000000000000e+07,1.809735131626129245e+01
1.109323600000000000e+07,6.811340717684623236e+00
1.109417200000000000e+07,-1.759392119000040466e+01
1.109510400000000000e+07,-1.327567202127104551e+01
1.109604000000000000e+07,1.393593419347808648e+01
1.109697600000000000e+07,1.014025414476949116e+01
1.109791200000000000e+07,1.557068000606754410e+01
1.109884400000000000e+07,5.968749829050549849e+00
1.109978000000000000e+07,-7.164530913752942709e+00
1.110071600000000000e+07,-1.107543526276452361e+01
1.110165200000000000e+07,-8.618272947412467744e+00
1.110258400000000000e+07,-2.152906251714446828e+00
1.110352000000000000e+07,-1.865719116061698823e+00
1.110445600000000000e+07,-7.359351401833354345e+00
1.110539200000000000e+07,-5.677899140779943288e+00
1.110632400000000000e+07,-1.821428103559356027e+00
1.110726000000000000e+07,-3.558572650303977625e+00
1.110819600000000000e+07,6.431842040812450811e+00
1.110913200000000000e+07,3.434406761882674797e+00
1.111006400000000000e+07,7.051766298520508514e+00
1.111100000000000000e+07,3.205382454235658152e+00
1.111193600000000000e+07,-1.808712750117357881e+00
1.111287200000000000e+07,-3.673741844254050815e+00
1.111380400000000000e+07,-1.514821525419013071e+01
1.111474000000000000e+07,2.999160692966379216e+00
1.111567600000000000e+07,2.146924167559536656e+01
1.111661200000000000e+07,-7.866734626097598770e+00
1.111754400000000000e+07,-1.119224391214699965e+00
1.111848000000000000e+07,7.269389332978656526e+00
1.111941600000000000e+07,-9.478622785956408947e+00
1.112035200000000000e+07,-3.759750815105388000e+00
1.112128400000000000e+07,-1.395633216113818520e+01
1.112222000000000000e+07,-2.065829240961852165e+01
1.112315600000000000e+07,1.689280797612025964e+01
1.112409200000000000e+07,7.531303379939147113e+00
1.112502400000000000e+07,1.284151645081925963e+01
1.112596000000000000e+07,7.793217426899638589e+00
1.112689600000000000e+07,3.185208068364182132e+00
1.112783200000000000e+07,2.053297005913582751e+01
1.112876400000000000e+07,1.337044324756102220e+01
1.112970000000000000e+07,1.689280797612025964e+01
1.113063600000000000e+07,1.484682777147774413e+00
1.113157200000000000e+07,-1.591751252541486572e+01
1.113250400000000000e+07,-2.421113144152962349e+01
1.113344000000000000e+07,1.372971243220880666e+01
1.113437600000000000e+07,-9.326834336478123433e+00
1.113531200000000000e+07,-1.124366858189954677e+01
1.113624400000000000e+07,-3.558572650303977625e+00
1.113718000000000000e+07,-3.955885383438928926e+00
1.113811600000000000e+07,-7.274656511235146894e+00
1.113905200000000000e+07,-2.409859040808580843e+01
1.113998400000000000e+07,-2.003589760959594201e+01
1.114092000000000000e+07,-2.097085514580235355e+01
1.114185600000000000e+07,-7.845246159972991684e+00
1.114279200000000000e+07,5.608111457796722377e+00
1.114466000000000000e+07,-1.417757693703404875e+00
1.114559600000000000e+07,-2.801990732521240091e+00
1.114653200000000000e+07,-3.308059876532354782e+00
1.114746400000000000e+07,3.560977229021616175e+00
1.114840000000000000e+07,-2.154220331967577451e+00
1.114933600000000000e+07,-8.994042108069901786e+00
1.115026800000000000e+07,6.555784347445131388e+00
1.115120400000000000e+07,1.402961492130355303e+01
1.115214000000000000e+07,-7.283429623917755613e+00
1.115307600000000000e+07,-7.878135899286467847e+00
1.115401200000000000e+07,-1.145120442342195766e+01
1.115494400000000000e+07,-7.268298834514148155e+00
1.115588000000000000e+07,-1.580738692793266154e+01
1.115681600000000000e+07,-1.545310623339983458e+01
1.115775200000000000e+07,3.307881262300851333e-01
1.115868400000000000e+07,-8.636680209752078952e-01
1.115962000000000000e+07,-1.711065459236702679e+01
1.116055600000000000e+07,-1.001763677563391042e+01
1.116149200000000000e+07,1.359426390261962991e+00
1.116242400000000000e+07,-4.222843026867288962e+00
1.116336000000000000e+07,-1.603136763911180651e+01
1.116429600000000000e+07,-8.117247399869221169e+00
1.116523200000000000e+07,9.001490283255408897e+00
1.116616400000000000e+07,-1.252413369995617742e+01
1.116710000000000000e+07,-2.688081808851904952e+01
1.116803600000000000e+07,-1.275315800760319362e+01
1.116897200000000000e+07,-2.880905360712934282e+01
1.116990400000000000e+07,-1.360846424967926716e+01
1.117084000000000000e+07,-1.895025297961972299e+01
1.117177600000000000e+07,-9.898738065469096625e+00
1.117271200000000000e+07,-1.009098793732496002e+00
1.117364400000000000e+07,-8.830852385402746307e+00
1.117458000000000000e+07,-8.737552139109464600e-01
1.117551600000000000e+07,-5.224894121953779447e+00
1.117645200000000000e+07,2.737246646005887740e+00
1.117738400000000000e+07,-2.823479198645846733e+00
1.117832000000000000e+07,1.286169083669073565e+01
1.117925600000000000e+07,-4.761801910191879372e+00
1.118019200000000000e+07,-4.056194056811756044e-01
1.118112400000000000e+07,-9.195220272871310385e+00
1.118206000000000000e+07,-2.818435602177977728e+00
1.118299600000000000e+07,1.413804595700044242e+00
1.118393200000000000e+07,-4.010263588877011287e+00
1.118486400000000000e+07,-3.291615006875617588e+00
1.118580000000000000e+07,-4.386032749534445330e+00
1.118673600000000000e+07,3.205382454235658152e+00
1.118767200000000000e+07,-1.702374213131603309e-01
1.118860400000000000e+07,-3.281527813939879579e+00
1.118954000000000000e+07,2.862503032891699384e+00
1.119047600000000000e+07,2.971314550120773390e+00
1.119141200000000000e+07,-5.224894121953779447e+00
1.119234400000000000e+07,1.768085290232871865e+00
1.119328000000000000e+07,-1.601502283774223212e-01
1.119421600000000000e+07,-5.829687590258231467e+00
1.119515200000000000e+07,2.978983869166103582e-01
1.119608400000000000e+07,2.611990259120076541e+00
1.119702000000000000e+07,1.997109597879888065e+00
1.119795600000000000e+07,-8.902000835676837642e-01
1.119889200000000000e+07,-8.902000835676837642e-01
1.119982400000000000e+07,7.437622652113680566e+00
1.120076000000000000e+07,-9.462177916299671310e+00
1.120169600000000000e+07,-6.314268268144739515e+00
1.120263200000000000e+07,-8.476571690869917575e+00
1.120356400000000000e+07,-2.567922828406354885e+00
1.120450000000000000e+07,2.737246646005887740e+00
1.120543600000000000e+07,-2.447710037988412690e+00
1.120637200000000000e+07,-7.888223092222204968e+00
1.120730400000000000e+07,-9.336921529413858778e+00
1.120824000000000000e+07,-1.092732122314806453e+01
1.120917600000000000e+07,2.361477485348453698e+00
1.121011200000000000e+07,-3.489384149161089965e-02
1.121104400000000000e+07,5.379087150149705288e+00
1.121198000000000000e+07,1.262016146221757174e+00
1.121291600000000000e+07,4.164456617072936240e+00
1.121385200000000000e+07,-3.776195684762125637e+00
1.121478400000000000e+07,-4.386032749534445330e+00
1.121572000000000000e+07,-3.400426524104691595e+00
1.121665600000000000e+07,-1.734105052454888440e+00
1.121759200000000000e+07,1.522616112929118248e+00
1.121852400000000000e+07,9.393111107492744249e-01
1.121946000000000000e+07,2.486733872234265341e+00
1.122039600000000000e+07,-7.158173237031943970e+00
1.122133200000000000e+07,-3.672427764000920636e+00
1.122226400000000000e+07,6.787111440419134611e-01
1.122320000000000000e+07,-8.590426804566861918e+00
1.122413600000000000e+07,6.787111440419134611e-01
1.122506800000000000e+07,-2.103516536391323299e+00
1.122600400000000000e+07,-8.606871674223597779e+00
1.122694000000000000e+07,-5.453918429600797424e+00
1.122787600000000000e+07,-8.737552139109464600e-01
1.122881200000000000e+07,-1.978260149505512100e+00
1.122974400000000000e+07,-6.189011881258927872e+00
1.123068000000000000e+07,3.696320808843165828e+00
1.123161600000000000e+07,1.534017386117986437e+00
1.123255200000000000e+07,1.659273773003797858e+00
1.123348400000000000e+07,-3.672427764000920636e+00
1.123442000000000000e+07,-4.489800670295649887e+00
1.123535600000000000e+07,5.967435748797418782e+00
1.123629200000000000e+07,-7.876821819033336780e+00
1.123722400000000000e+07,-4.740313444067272286e+00
1.123816000000000000e+07,-5.486808168914271810e+00
1.123909600000000000e+07,1.893341677118683286e+00
1.124003200000000000e+07,-4.260776362648633686e+00
1.124096400000000000e+07,5.648560303449704501e-01
1.124190000000000000e+07,-1.076917509694877850e+01
1.124283600000000000e+07,5.128574376378082889e+00
1.124377200000000000e+07,-6.418036188905944073e+00
1.124470400000000000e+07,-4.130476379294952594e+00
1.124564000000000000e+07,-8.242503786755033701e+00
1.124657600000000000e+07,-9.939680043288885436e-01
1.124751200000000000e+07,2.252665968119380135e+00
1.124844400000000000e+07,1.396750985253843069e+01
1.124938000000000000e+07,1.272103339157495405e+00
1.125031600000000000e+07,7.307322668759999473e+00
1.125125200000000000e+07,-5.938499107487305473e+00
1.125218400000000000e+07,-2.088385746987716285e+00
1.125312000000000000e+07,1.158248225460552394e+00
1.125405600000000000e+07,-3.776195684762125637e+00
1.125499200000000000e+07,-4.402477619191182967e+00
1.125592400000000000e+07,9.937761899714949720e+00
1.125686000000000000e+07,5.482855070910910733e+00
1.125779600000000000e+07,2.961227357185035380e+00
1.125873200000000000e+07,-2.546434362281748687e+00
1.125966400000000000e+07,-1.355271685763514533e+01
1.126060000000000000e+07,-5.959987573611910783e+00
1.126153600000000000e+07,-4.026708458533748036e+00
1.126247200000000000e+07,-2.828522795113716182e+00
1.126340400000000000e+07,6.217948522569042069e+00
1.126434000000000000e+07,5.265232036452762721e+00
1.126527600000000000e+07,1.331469585551690038e+01
1.126621200000000000e+07,9.235558187370292771e+00
1.126714400000000000e+07,2.732203049538018735e+00
1.126808000000000000e+07,6.622662743851761569e-01
1.126901600000000000e+07,3.312970735457633964e+01
1.126995200000000000e+07,6.531500489558263212e+01
1.127088400000000000e+07,2.814214421281580059e+01
1.127182000000000000e+07,5.619512730985589677e+00
1.127275600000000000e+07,2.046713547415596679e+01
1.127369200000000000e+07,2.684397525120221317e+01
1.127462400000000000e+07,2.049876623956922472e+01
1.127556000000000000e+07,-1.057435460886836687e+01
1.127649600000000000e+07,-1.026442003319079355e+01
1.127743200000000000e+07,-3.408637693869597740e+01
1.127836400000000000e+07,2.427256963975403359e+00
1.127930000000000000e+07,-8.994042108069901786e+00
1.128023600000000000e+07,1.330965225904903093e+01
1.128117200000000000e+07,-2.355343390416076321e+00
1.128210400000000000e+07,-3.764794411573257005e+00
1.128304000000000000e+07,-1.023525981009205843e+01
1.128397600000000000e+07,8.584008427187175272e-01
1.128491200000000000e+07,7.547748249595883863e+00
1.128584400000000000e+07,2.412116937267492389e+01
1.128678000000000000e+07,1.511767498724138292e+01
1.128771600000000000e+07,6.639322775981947977e+00
1.128865200000000000e+07,1.664229520234863458e+01
1.128958400000000000e+07,1.766210524734499288e+01
1.129052000000000000e+07,8.261353235129407224e+00
1.129145600000000000e+07,1.084240275076123616e+01
1.129239200000000000e+07,-1.238742093352858653e+01
1.129332400000000000e+07,1.878941272931729500e+01
1.129426000000000000e+07,-5.788963212840692041e-01
1.129519600000000000e+07,1.210642299916112918e+01
1.129613200000000000e+07,1.115875010951272017e+01
1.129706400000000000e+07,-1.989792586926813200e+01
1.129800000000000000e+07,-2.056855392255244652e+01
1.129893600000000000e+07,-7.699872931497415696e-01
1.129987200000000000e+07,-7.904667961878942606e+00
1.130080400000000000e+07,-3.080349649138469204e+00
1.130174000000000000e+07,3.686233615907427374e+00
1.130267600000000000e+07,-1.140712857339306385e+00
1.130361200000000000e+07,-1.903253243425632135e+01
1.130454400000000000e+07,-2.492473642706314862e+01
1.130548000000000000e+07,-1.692970591979000261e+01
1.130641600000000000e+07,-2.968584831533001989e+01
1.130735200000000000e+07,-1.470792558880596346e+01
1.130828400000000000e+07,-2.411876479395728978e+01
1.130922000000000000e+07,-1.074768663082417142e+01
1.131015600000000000e+07,2.089602386635126408e+01
1.131109200000000000e+07,1.959034076595528617e+01
1.131202400000000000e+07,1.987022404944149612e+00
1.131296000000000000e+07,1.079942581851202377e+01
1.131389600000000000e+07,1.527077751697279773e+01
1.131483200000000000e+07,6.665909944927336461e+00
1.131576400000000000e+07,1.029335667450090774e+01
1.131670000000000000e+07,-7.158173237031943970e+00
1.131763600000000000e+07,1.813024105557476418e+01
1.131857200000000000e+07,4.732630829849172827e+00
1.131950400000000000e+07,2.575371003591862440e+00
1.132044000000000000e+07,9.047095376010881651e+00
1.132137600000000000e+07,-1.531612807400347886e+00
1.132230800000000000e+07,1.029335667450090774e+01
1.132324400000000000e+07,-2.100878848158370005e+01
1.132418000000000000e+07,-1.795324548100110107e+01
1.132511600000000000e+07,1.406623417683176847e+01
1.132605200000000000e+07,-2.182111779141056118e+01
1.132698400000000000e+07,-2.062797572445839478e+01
1.132792000000000000e+07,-7.800744860854796903e-01
1.132885600000000000e+07,2.303310930673709933e+01
1.132979200000000000e+07,2.906849151746953464e+00
1.133072400000000000e+07,-1.254057856961291506e+01
1.133166000000000000e+07,-7.845246159972991684e+00
1.133259600000000000e+07,1.017818748055083411e+01
1.133353200000000000e+07,5.314621751775886693e+00
1.133446400000000000e+07,1.862622300665013952e+01
1.133540000000000000e+07,9.731540138445669896e+00
1.133633600000000000e+07,8.750977509483785610e+00
1.133727200000000000e+07,-4.010263588877011287e+00
1.133820400000000000e+07,-4.222843026867288962e+00
1.133914000000000000e+07,-1.860364404206102762e+01
1.134007600000000000e+07,-1.604145483204754541e+01
1.134101200000000000e+07,-1.161439414608911136e+01
1.134194400000000000e+07,-2.444146982942977075e+01
1.134288000000000000e+07,-3.671813024990406404e+01
1.134381600000000000e+07,-2.648487454199013769e+01
1.134475200000000000e+07,-1.277969007019567016e+01
1.134568400000000000e+07,-1.897294775122043919e+00
1.134662000000000000e+07,-5.798111931197886371e+00
1.134755600000000000e+07,-1.206104148819427735e+01
1.134849200000000000e+07,-4.074152052600653917e+01
1.134942400000000000e+07,-7.464433402847689081e+00
1.135036000000000000e+07,-1.076917509694877850e+01
1.135129600000000000e+07,1.573386972873469958e+01
1.135223200000000000e+07,1.376770087434306156e+01
1.135316400000000000e+07,9.017935152912146535e+00
1.135410000000000000e+07,-6.400277238996076257e+00
1.135503600000000000e+07,2.949826083996166748e+00
1.135597200000000000e+07,3.366362264143305794e+01
1.135690400000000000e+07,2.387701427562430467e+01
1.135784000000000000e+07,2.906832863633960073e+01
1.135877600000000000e+07,1.123598596768144908e+01
1.135971200000000000e+07,1.187739869151411298e+01
1.136064400000000000e+07,1.005928877038602387e+01
1.136158000000000000e+07,6.295184380737770979e+00
1.136251600000000000e+07,-2.542707605485952627e+01
1.136345200000000000e+07,-2.949612653007039142e+01
1.136438400000000000e+07,-1.420185644479484921e+01
1.136532000000000000e+07,-1.134743650266075221e+01
1.136625600000000000e+07,1.262016146221757174e+00
1.136719200000000000e+07,-1.106509037772701598e+00
1.136812400000000000e+07,6.054758799901886590e+00
1.136906000000000000e+07,4.253813112376605687e+01
1.136999600000000000e+07,4.300999644821055767e+01
1.137093200000000000e+07,1.053246817508366284e+01
1.137186400000000000e+07,7.035321428863770876e+00
1.137280000000000000e+07,3.267432416647868987e+00
1.137373600000000000e+07,-1.419549876807385047e+01
1.137467200000000000e+07,-1.677786236395880692e+01
1.137560400000000000e+07,-2.266761365411389839e+00
1.137654000000000000e+07,1.047808996964558226e+01
1.137747600000000000e+07,2.997675410995353573e+01
1.137841200000000000e+07,2.514980763670680020e+01
1.137934400000000000e+07,-2.115690252120015913e+01
1.138028000000000000e+07,-3.405480127963563319e+01
1.138121600000000000e+07,-3.587422528101685515e+01
1.138215200000000000e+07,-1.920207983364447557e+01
1.138308400000000000e+07,-3.210649632492148964e+00
1.138402000000000000e+07,-1.807850186788691360e+01
1.138495600000000000e+07,-2.240815230980514272e+01
1.138589200000000000e+07,-6.048624704969508770e+00
1.138682400000000000e+07,-2.372786484389624562e+01
1.138776000000000000e+07,-8.455083224745312265e+00
1.138869600000000000e+07,3.352696498135838254e+01
1.138963200000000000e+07,2.233090559439244416e+01
1.139056400000000000e+07,2.773852890931276249e+01
1.139150000000000000e+07,3.652944385675601779e+01
1.139243600000000000e+07,4.169795567109358103e+01
1.139337200000000000e+07,1.186226790211050464e+01
1.139430400000000000e+07,3.193868530412168338e-01
1.139524000000000000e+07,3.076396551135108126e+00
1.139617600000000000e+07,4.312515550336484260e+00
1.139711200000000000e+07,6.343204909454852825e+00
1.139804400000000000e+07,-5.088236461879101391e+00
1.139898000000000000e+07,-1.138536983844209516e+01
1.139991600000000000e+07,-7.594733386201369285e+00
1.140085200000000000e+07,-1.155843646742913844e+00
1.140178400000000000e+07,6.392539518425065737e+00
1.140272000000000000e+07,2.198287762681298663e+00
1.140365600000000000e+07,1.687119915849403684e+00
1.140459200000000000e+07,1.277573697219231086e+01
1.140552400000000000e+07,-5.698073526651420195e+00
1.140646000000000000e+07,-1.100455708131679344e+01
1.140739600000000000e+07,-1.106271990932252614e+01
1.140832800000000000e+07,4.215160412649190391e+00
1.140926400000000000e+07,2.642517405194265478e+01
1.141020000000000000e+07,1.189894226399163024e+01
1.141113600000000000e+07,9.921317030058212083e+00
1.141207200000000000e+07,-4.201299454389771704e+00
1.141300400000000000e+07,-2.707190906038472278e+01
1.141394000000000000e+07,-2.914184583553756269e+01
1.141487600000000000e+07,-2.740338720853980803e+01
1.141581200000000000e+07,-2.895711254039288818e+01
1.141674400000000000e+07,-2.270427017633224054e+01
1.141768000000000000e+07,-1.922356829976908443e+01
1.141861600000000000e+07,-1.908055296297340675e+01
1.141955200000000000e+07,-1.798613522031457634e+01
1.142048400000000000e+07,3.423005488693806608e+00
1.142142000000000000e+07,-9.794970144707892956e+00
1.142235600000000000e+07,-2.302434705129846293e+01
1.142329200000000000e+07,-1.119224391214699965e+00
1.142422400000000000e+07,-4.026708458533748036e+00
1.142516000000000000e+07,-2.333854924291469235e+00
1.142609600000000000e+07,1.476975196942955293e+01
1.142703200000000000e+07,2.201960183210882604e+01
1.142796400000000000e+07,2.172984164230273052e+01
1.142890000000000000e+07,-2.827208714860585559e+00
1.142983600000000000e+07,5.217211507735680875e+00
1.143077200000000000e+07,1.814800000548463288e+01
1.143170400000000000e+07,2.097961740124098995e+01
1.143264000000000000e+07,6.844285563351010460e+00
1.143357600000000000e+07,-9.348322802602728743e+00
1.143451200000000000e+07,-6.652104093020829723e+00
1.143544400000000000e+07,4.693328307461787752e+00
1.143638000000000000e+07,2.329370927344445974e+01
1.143731600000000000e+07,3.472142112856366936e+01
1.143825200000000000e+07,2.526629091091000845e+01
1.143918400000000000e+07,3.140917055861839113e+00
1.144012000000000000e+07,-1.996019099415379472e+00
1.144105600000000000e+07,1.774442966953871270e+00
1.144199200000000000e+07,-2.047879357053023597e+00
1.144292400000000000e+07,-2.138082812602639393e+01
1.144386000000000000e+07,-1.522282295185259748e+01
1.144479600000000000e+07,7.464209821059067274e+00
1.144573200000000000e+07,-1.996019099415379472e+00
1.144666400000000000e+07,-1.371732317239426102e+01
1.144760000000000000e+07,-5.347129617801282109e+01
1.144853600000000000e+07,-2.919107793266894646e+01
1.144947200000000000e+07,8.526996798304638858e+00
1.145040400000000000e+07,1.265048058530649833e+01
1.145134000000000000e+07,1.370565091193085117e+01
1.145227600000000000e+07,6.247108745667777185e+00
1.145321200000000000e+07,1.356657781589456313e+01
1.145414400000000000e+07,-1.199410554750593860e+01
1.145508000000000000e+07,-2.349495340184275349e+01
1.145601600000000000e+07,2.755510969442121549e+01
1.145695200000000000e+07,3.769348080696236281e+01
1.145788400000000000e+07,2.014448554503639599e+01
1.145882000000000000e+07,1.976498686816422179e+01
1.145975600000000000e+07,-5.332446665282635223e+00
1.146069200000000000e+07,-8.358987060958236626e+00
1.146162400000000000e+07,-3.015156868759818209e+01
1.146256000000000000e+07,-1.547086518330969973e+01
1.146349600000000000e+07,1.658287340044268632e+01
1.146443200000000000e+07,4.339047612928959907e+00
1.146536400000000000e+07,-1.362120514365104951e+00
1.146630000000000000e+07,1.187235509504624353e+01
1.146723600000000000e+07,2.381117969064444040e+01
1.146817200000000000e+07,8.887635169558464554e+00
1.146910400000000000e+07,-2.578010021342093339e+00
1.147004000000000000e+07,1.909786546775420479e+00
1.147097600000000000e+07,-1.195146169130299141e+00
1.147191200000000000e+07,-2.366744663604944510e+00
1.147284400000000000e+07,1.301484847277506418e+01
1.147378000000000000e+07,8.156271234115074265e+00
1.147471600000000000e+07,4.965384653710928298e+00
1.147565200000000000e+07,8.444772450020952448e+00
1.147658400000000000e+07,-1.700052899488482439e+01
1.147752000000000000e+07,-1.563915360879763483e+01
1.147845600000000000e+07,-1.467130633327774980e+01
1.147939200000000000e+07,-6.674906639398566099e+00
1.148032400000000000e+07,-8.494330640779786279e+00
1.148126000000000000e+07,-1.740414429838786248e+01
1.148219600000000000e+07,-2.635961815510432515e+01
1.148313200000000000e+07,-1.721815202934297062e+01
1.148406400000000000e+07,3.659785149588923758e+01
1.148500000000000000e+07,4.232297863162241924e+01
1.148593600000000000e+07,1.718503870824087798e+01
1.148687200000000000e+07,3.046637838430791589e+01
1.148780400000000000e+07,-1.020555173274275695e+00
1.148874000000000000e+07,-5.228678744521431554e+00
1.148967600000000000e+07,-8.029924348764755138e+00
1.149061200000000000e+07,2.577608957113585930e+01
1.149154400000000000e+07,4.637691128123486273e+00
1.149248000000000000e+07,-1.750922629940220077e+01
1.149341600000000000e+07,-4.545971058837711354e+01
1.149435200000000000e+07,-4.387435449111077190e+01
1.149528400000000000e+07,-1.374380782950081681e+01
1.149622000000000000e+07,-3.542127780647240431e+00
1.149715600000000000e+07,1.602237094464057776e+01
1.149809200000000000e+07,-1.915647474088900282e+01
1.149902400000000000e+07,3.979778428281174563e+00
1.149996000000000000e+07,3.671922074836857064e+01
1.150089600000000000e+07,1.083741426064627689e+01
1.150183200000000000e+07,-1.027319314587340138e+01
1.150276400000000000e+07,1.317708431912968381e+00
1.150370000000000000e+07,9.954206769371687358e+00
1.150463600000000000e+07,1.591103377874407165e+01
1.150557200000000000e+07,7.218795750108223608e+00
1.150650400000000000e+07,-9.822816287553498782e+00
1.150744000000000000e+07,-3.444197171348194075e+01
1.150837600000000000e+07,-3.866281063817108787e+01
1.150931200000000000e+07,-2.258411249226720940e+01
1.151024400000000000e+07,-6.032179835312771132e+00
1.151118000000000000e+07,-6.194055477726796433e+00
1.151211600000000000e+07,1.112454628994611383e+01
1.151305200000000000e+07,-3.283835475124465830e-01
1.151398400000000000e+07,1.330965225904903093e+01
1.151492000000000000e+07,5.107085910253476690e+00
1.151585600000000000e+07,1.116379370598058607e+01
1.151679200000000000e+07,6.219262602822172248e+00
1.151772400000000000e+07,4.442870640043075525e+00
1.151866000000000000e+07,2.376053100142109642e+01
1.151959600000000000e+07,4.426370664033427715e+00
1.152053200000000000e+07,-1.050221745352041758e+01
1.152146400000000000e+07,-1.573656385283784331e+01
1.152240000000000000e+07,-7.616221852325976371e+00
1.152333600000000000e+07,-1.025170467974879429e+01
1.152427200000000000e+07,-2.343942117227207689e+00
1.152520400000000000e+07,-1.339961432790372697e+01
1.152614000000000000e+07,-2.780502266396634337e+00
1.152707600000000000e+07,-1.939821440197802005e+01
1.152801200000000000e+07,-1.409304492756577432e+01
1.152894400000000000e+07,-2.713133086229067104e+01
1.152988000000000000e+07,2.617033855587945546e+00
1.153081600000000000e+07,-7.518811608285770554e+00
1.153175200000000000e+07,-6.554693848980623017e+00
1.153268400000000000e+07,9.703693995600064071e+00
1.153362000000000000e+07,2.328230800025558977e+01
1.153455600000000000e+07,-1.167244919931782254e+00
1.153549200000000000e+07,-1.522035240953807644e+01
1.153642400000000000e+07,1.392316129575437822e+00
1.153736000000000000e+07,-5.927097834298436396e+00
1.153829600000000000e+07,-1.072614305834665416e+01
1.153923200000000000e+07,9.589838881903121504e+00
1.154016400000000000e+07,1.381067780659227573e+01
1.154110000000000000e+07,1.004152982047615339e+01
1.154203600000000000e+07,1.234049090327601306e+01
1.154297200000000000e+07,5.858624231568344776e+00
1.154390400000000000e+07,5.716922975025796383e+00
1.154484000000000000e+07,8.821855690931514005e+00
1.154577600000000000e+07,1.115370651304484895e+01
1.154671200000000000e+07,3.554619552300617435e+00
1.154764400000000000e+07,-1.574644846002472232e+00
1.154858000000000000e+07,1.423583668257283286e+01
1.154951600000000000e+07,-6.368646473582820100e+00
1.155045200000000000e+07,-1.872254275222583786e+01
1.155138400000000000e+07,-3.263767850150431826e+01
1.155232000000000000e+07,-1.952347078886383258e+01
1.155325600000000000e+07,2.447486456199790883e+00
1.155419200000000000e+07,9.448137625360571334e+00
1.155512400000000000e+07,2.183865315953180541e+01
1.155606000000000000e+07,1.472546095692721124e+01
1.155699600000000000e+07,8.010840461357785713e+00
1.155793200000000000e+07,1.934618566890466340e+01
1.155886400000000000e+07,2.615821640851429564e+01
1.155980000000000000e+07,2.028245728536420600e+01
1.156073600000000000e+07,-9.582390706717614393e+00
1.156167200000000000e+07,-3.226322342110002239e+01
1.156260400000000000e+07,-3.896644264348057618e+01
1.156354000000000000e+07,1.447958571851932774e-01
1.156447600000000000e+07,-1.524688447213055476e+01
1.156541200000000000e+07,-5.677899140779943288e+00
1.156634400000000000e+07,1.172561024203582569e+01
1.156728000000000000e+07,2.807000705746785130e+01
1.156821600000000000e+07,6.724017666580155428e+00
1.156915200000000000e+07,-2.109611153268816608e+01
1.157008400000000000e+07,1.017182980382983537e+01
1.157102000000000000e+07,3.778200772561413601e+01
1.157195600000000000e+07,2.491573973259191632e+01
1.157289200000000000e+07,-7.027873253678263765e+00
1.157382400000000000e+07,-2.140231659215100279e+01
1.157476000000000000e+07,-2.483741337595868259e+01
1.157569600000000000e+07,-2.769183331809277604e+01
1.157663200000000000e+07,-1.173460693650705622e+01
1.157756400000000000e+07,1.201274227133566264e+01
1.157850000000000000e+07,3.528055439775974378e+01
1.157943600000000000e+07,-5.137571070849313415e+00
1.158037200000000000e+07,-7.685785953520575475e+00
1.158130400000000000e+07,-1.634765989151037857e+01
1.158224000000000000e+07,-1.954364517473530682e+01
1.158317600000000000e+07,-1.281389388976227472e+01
1.158411200000000000e+07,-1.482813837922390476e+01
1.158504400000000000e+07,2.700627390477674084e+00
1.158598000000000000e+07,1.201405635158879193e+01
1.158691600000000000e+07,6.829099667594491052e+00
1.158785200000000000e+07,1.716107969980174985e+01
1.158878400000000000e+07,5.842179361911608027e+00
1.158972000000000000e+07,2.579100519806601710e+00
1.159066000000000000e+07,-1.647670090096384143e+01
1.159159200000000000e+07,-2.065077827083613471e+01
1.159252400000000000e+07,-1.195222997096520245e+01
1.159346000000000000e+07,-7.235409095200673768e+00
1.159439600000000000e+07,-1.473072813518369983e+01
1.159533200000000000e+07,-1.884144146239065165e+01
1.159626400000000000e+07,-5.806885043880495090e+00
1.159720000000000000e+07,-1.574644846002472232e+00
1.159813600000000000e+07,7.645158493636090569e+00
1.159907200000000000e+07,1.853889995554567349e+01
1.160000400000000000e+07,2.529786656997035266e+01
1.160094000000000000e+07,3.402426101268688541e+01
1.160187600000000000e+07,1.679035413561218348e+01
1.160281200000000000e+07,-1.368423084733192630e+00
1.160374400000000000e+07,1.187739869151411298e+01
1.160468000000000000e+07,2.170441619835692837e+00
1.160561600000000000e+07,-1.557836262028564533e+01
1.160655200000000000e+07,-2.740053420743651658e-01
1.160748400000000000e+07,6.985931713540646903e+00
1.160842000000000000e+07,-2.279027914718357906e+01
1.160935600000000000e+07,-9.534370178000530771e+00
1.161029200000000000e+07,-1.612373428668414377e+01
1.161122400000000000e+07,-8.357672980705105559e+00
1.161216800000000000e+07,9.841665735927874081e+00
1.161309600000000000e+07,2.231819024095044313e+01
1.161403200000000000e+07,-2.985024502374145072e-02
1.161496400000000000e+07,-2.372655076364311810e+01
1.161590000000000000e+07,-3.504676518178638389e+01
1.161683600000000000e+07,-4.395789291964759116e+01
1.161777200000000000e+07,-3.157615049815897024e+01
1.161870400000000000e+07,-6.315582348397868806e+00
1.161964000000000000e+07,-1.434355770133739760e+01
1.162057600000000000e+07,5.814333219066002201e+00
1.162151200000000000e+07,2.279904140262221546e+01
1.162244400000000000e+07,1.101200525650230055e+01
1.162338000000000000e+07,2.778917759853610292e+01
1.162431600000000000e+07,2.926819272088788182e+01
1.162525200000000000e+07,3.511642620051404151e+00
1.162618400000000000e+07,-5.256524887367037380e+00
1.162712000000000000e+07,1.107647065487612004e+01
1.162805600000000000e+07,5.100728233532477951e+00
1.162899200000000000e+07,6.092692135683230426e+00
1.162992400000000000e+07,2.596859469716469082e+00
1.163086000000000000e+07,1.232273195336614613e+01
1.163179600000000000e+07,-8.504417833715525177e+00
1.163273200000000000e+07,-8.902000835676837642e-01
1.163367200000000000e+07,2.046713547415596679e+01
1.163460000000000000e+07,2.381622328711230807e+01
1.163553600000000000e+07,-1.066036357971970538e+01
1.163647200000000000e+07,-5.780352981288019443e+00
1.163740400000000000e+07,1.665874007200537221e+01
1.163834000000000000e+07,1.558208127925641406e+01
1.163927600000000000e+07,-1.437008976392987414e+01
1.164021200000000000e+07,-1.813550823383125632e+01
1.164114400000000000e+07,-3.200635297060739504e+01
1.164208000000000000e+07,-3.262759130856859002e+01
1.164301600000000000e+07,-9.364822778612376553e+00
1.164395200000000000e+07,-2.196281904795310780e+01
1.164488400000000000e+07,2.206625287478811703e-01
1.164582000000000000e+07,2.536123587557388870e+00
1.164675600000000000e+07,9.573394012246382090e+00
1.164769200000000000e+07,1.359305477213412772e+01
1.164862400000000000e+07,1.836299487943652053e+01
1.164956000000000000e+07,1.148014106473207185e+01
1.165049600000000000e+07,2.723750336176951592e+01
1.165143200000000000e+07,1.608815042326752831e+01
1.165236400000000000e+07,9.737897815166670412e+00
1.165330000000000000e+07,1.594009149000397940e+01
1.165423600000000000e+07,3.172025633341915807e+01
1.165517600000000000e+07,2.355430924015182015e+01
1.165610400000000000e+07,-1.428276671282540811e+01
1.165704000000000000e+07,-3.203288503319987512e+01
1.165797600000000000e+07,-3.048809043222114568e+01
1.165891200000000000e+07,-4.006853214311352929e+01
1.165984400000000000e+07,-2.474131721217160518e+01
1.166078000000000000e+07,-5.343792832118592351e+00
1.166171600000000000e+07,2.858773516676960114e+00
1.166265200000000000e+07,1.265048058530649833e+01
1.166358400000000000e+07,2.742223665691418688e+01
1.166452000000000000e+07,1.060837981420346798e+00
1.166545600000000000e+07,-1.645647140873945347e+01
1.166638800000000000e+07,-1.917809937906782558e-01
1.166732400000000000e+07,2.851791337347323463e+01
1.166826000000000000e+07,4.368698217821587804e+01
1.166919600000000000e+07,5.245057650581285813e+00
1.167013200000000000e+07,1.140489275550685022e+00
1.167106400000000000e+07,-1.939821440197802005e+01
1.167200000000000000e+07,-2.245249842866039813e+01
1.167293600000000000e+07,-1.340092840815685804e+01
1.167387200000000000e+07,-3.286571410407748139e+00
1.167480400000000000e+07,2.824569697110355548e+00
1.167574000000000000e+07,2.215500051828328765e+01
1.167668000000000000e+07,3.206817935123098806e+01
1.167761200000000000e+07,2.304955417639383697e+01
1.167854400000000000e+07,1.071078868715442489e+01
1.167948000000000000e+07,-2.133017943680304995e+01
1.168041600000000000e+07,-1.290494645708148269e+01
1.168135200000000000e+07,-1.410817571696938266e+01
1.168228400000000000e+07,-1.463836148761136258e+01
1.168322000000000000e+07,-3.149913750333068752e+00
1.168415600000000000e+07,-1.577071256605153593e+01
1.168509200000000000e+07,-1.996244637399486521e+01
1.168602400000000000e+07,7.307322668759999473e+00
1.168696000000000000e+07,3.289695353071458328e+01
1.168789600000000000e+07,2.890382483341931774e+01
1.168883200000000000e+07,-1.603005355885867900e+01
1.168976400000000000e+07,1.237842423905735778e+01
1.169070000000000000e+07,-4.494844266763518448e+00
1.169163600000000000e+07,-3.782553361483125265e+00
1.169257200000000000e+07,-1.793301598877671310e+01
1.169350400000000000e+07,-1.575936639921557614e+01
1.169444000000000000e+07,-1.199526200956732680e+01
1.169537600000000000e+07,-1.778396064957231903e+00
1.169631200000000000e+07,5.968749829050549849e+00
1.169724400000000000e+07,1.409408031967737251e+01
1.169818800000000000e+07,9.028022345847883656e+00
1.169911600000000000e+07,1.992817659083137727e+01
1.170005200000000000e+07,7.617312350790483855e+00
1.170098400000000000e+07,-7.888278198575117806e+00
1.170192000000000000e+07,-1.727762893760183260e+01
1.170285600000000000e+07,-6.816607895941114492e+00
1.170379200000000000e+07,-1.100960067778466112e+01
1.170472400000000000e+07,-2.424029166462835860e+01
1.170566000000000000e+07,-2.344446233081114883e+01
1.170659600000000000e+07,-2.322453651102601491e+00
1.170753200000000000e+07,5.329752541179493264e+00
1.170846400000000000e+07,9.634277373801413136e-01
1.170940000000000000e+07,3.290068304692932344e+01
1.171033600000000000e+07,1.235063320256466390e+01
1.171127200000000000e+07,8.750977509483785610e+00
1.171220400000000000e+07,-1.155365826393003204e+01
1.171314000000000000e+07,4.312515550336484260e+00
1.171407600000000000e+07,-1.000754958269817152e+01
1.171501200000000000e+07,-1.526338444814020079e+01
1.171594400000000000e+07,-1.606425737842528179e+01
1.171688000000000000e+07,-2.092115263202455111e+00
1.171781600000000000e+07,2.722115856602280282e+00
1.171875200000000000e+07,1.296041516098406987e+01
1.171969200000000000e+07,-1.802280958219570195e+01
1.172062000000000000e+07,-2.299145731198498765e+01
1.172155600000000000e+07,-1.193578510130846482e+01
1.172249200000000000e+07,-1.576440999568344736e+01
1.172342400000000000e+07,6.364748481932370083e+00
1.172436000000000000e+07,1.753684886045918390e+01
1.172529600000000000e+07,4.377036055063214803e+00
1.172623200000000000e+07,-6.030865755059641842e+00
1.172716400000000000e+07,6.344518989707983891e+00
1.172810000000000000e+07,3.036392454379983974e+01
1.172903600000000000e+07,3.108125904554810504e+01
1.172997200000000000e+07,1.451792511540480035e+01
1.173090400000000000e+07,-9.054833096581893059e+00
1.173184000000000000e+07,-2.446931597227537836e+01
1.173277600000000000e+07,-3.683884143542700773e+00
1.173464400000000000e+07,4.622505232366969530e+00
1.173558000000000000e+07,2.786636361329011713e+00
1.173651600000000000e+07,-1.524688447213055476e+01
1.173745200000000000e+07,9.268447926683769822e+00
1.173838400000000000e+07,5.558721742473599292e+00
1.173932000000000000e+07,-6.030865755059641842e+00
1.174025600000000000e+07,7.034007348610640697e+00
1.174119600000000000e+07,-4.499104181835189564e-01
1.174212400000000000e+07,-4.929424567856430794e-01
1.174306000000000000e+07,8.451130126741951187e+00
1.174399600000000000e+07,1.096771424399995887e+01
1.174493200000000000e+07,-2.061284493505479176e+01
1.174586400000000000e+07,-3.343860653814231654e+01
1.174680000000000000e+07,-1.296568233924056202e+01
1.174773600000000000e+07,4.382855632060289608e-01
1.174867200000000000e+07,1.747106938183223335e+01
1.174960400000000000e+07,1.791897569783761668e+01
1.175054000000000000e+07,2.329370927344445974e+01
1.175147600000000000e+07,2.081637257222092430e+01
1.175240800000000000e+07,5.689076832180190557e+00
1.175334400000000000e+07,-3.414585384695484294e+01
1.175428000000000000e+07,-2.612927976720418144e+01
1.175521600000000000e+07,-6.640702819831960646e+00
1.175615200000000000e+07,1.650059394580608441e+01
1.175708400000000000e+07,1.439529688902524995e+01
1.175802000000000000e+07,1.990668812470677196e+01
1.175895600000000000e+07,3.918641515030345346e+01
1.175989200000000000e+07,3.197076910719078313e+01
1.176082400000000000e+07,1.230760116396253956e+01
1.176176000000000000e+07,-1.292774900345921907e+01
1.176270000000000000e+07,-5.001202766122135301e+01
1.176363200000000000e+07,-4.005581678967153181e+01
1.176456400000000000e+07,-4.404390189049892967e+01
1.176550000000000000e+07,-3.000219567408150567e+01
1.176643600000000000e+07,-7.566832137002853287e+00
1.176737200000000000e+07,8.985045413598669484e+00
1.176830400000000000e+07,-2.375517776287552785e+00
1.176924000000000000e+07,5.323316496318874869e+01
1.177017600000000000e+07,4.692725847394314798e+01
1.177111200000000000e+07,2.005343297771718980e+01
1.177204400000000000e+07,-1.517101780056786531e+01
1.177298000000000000e+07,-1.350973992538593293e+01
1.177391600000000000e+07,-3.136866976298947307e+01
1.177484800000000000e+07,-2.180467292175382354e+01
1.177578400000000000e+07,-2.224627666739111831e+01
1.177672000000000000e+07,-1.410817571696938266e+01
1.177765600000000000e+07,7.056809894988377074e+00
1.177859200000000000e+07,1.405746106414916063e+01
1.177952400000000000e+07,2.123517377148048269e+01
1.178046000000000000e+07,1.275929210253557322e+01
1.178139600000000000e+07,1.043505793104345791e+01
1.178233200000000000e+07,3.636899006937215351e+00
1.178326400000000000e+07,4.998274393024403572e+00
1.178420800000000000e+07,1.790887836610608685e+00
1.178513600000000000e+07,8.859789026712858728e+00
1.178607200000000000e+07,-8.661304986014592089e+00
1.178700400000000000e+07,-2.139601402178291423e+01
1.178794000000000000e+07,-2.567758882863114778e+01
1.178887600000000000e+07,-3.281527813939879579e+00
1.178981200000000000e+07,-2.098225641899122351e+01
1.179074400000000000e+07,-1.395134367102322592e+01
1.179168000000000000e+07,-2.809544862159581768e+01
1.179261600000000000e+07,-5.186960786172437388e+00
1.179355200000000000e+07,1.230760116396253956e+01
1.179448400000000000e+07,1.642598624814361941e+01
1.179542000000000000e+07,3.114709363052796576e+01
1.179635600000000000e+07,1.218870245379772577e+01
1.179729200000000000e+07,1.347547014222244677e+01
1.179822400000000000e+07,2.980210800774460367e+01
1.180009600000000000e+07,1.455086996107118580e+01
1.180103200000000000e+07,4.637636021770576100e+00
1.180196400000000000e+07,4.394739898620171559e+00
1.180290000000000000e+07,2.032921884018106695e+01
1.180383600000000000e+07,4.388437328252083880e+00
1.180477200000000000e+07,-2.992758797641903712e+01
1.180571200000000000e+07,-6.766599471145583777e+01
1.180664000000000000e+07,-4.880879840133344771e+01
1.180757600000000000e+07,-1.014289316251972295e+01
1.180851200000000000e+07,-7.225266795912023809e+00
1.180944400000000000e+07,-2.744132054432115453e+01
1.181038000000000000e+07,-5.486808168914271810e+00
1.181131600000000000e+07,1.370822396608419957e+01
1.181225200000000000e+07,5.835821685190609287e+00
1.181318400000000000e+07,1.808595004307242249e+01
1.181412000000000000e+07,9.088813334359876706e+00
1.181505600000000000e+07,7.023920155674901800e+00
1.181599200000000000e+07,-1.412593466687924959e+01
1.181692400000000000e+07,-3.171402216457675394e+00
1.181786000000000000e+07,1.657273110115403725e+01
1.181879600000000000e+07,2.434515008385407597e+01
1.181973200000000000e+07,-2.605856164187699164e+00
1.182066400000000000e+07,1.181161921288716421e+01
1.182160000000000000e+07,2.501446405688525587e+01
1.182253600000000000e+07,1.771149496266811596e+01
1.182347200000000000e+07,-1.615530994574449153e+01
1.182440400000000000e+07,-1.698539820548121426e+01
1.182534000000000000e+07,-2.629378357012446443e+01
1.182627600000000000e+07,-1.632622653173868343e+01
1.182721600000000000e+07,7.280790606167524714e+00
1.182814400000000000e+07,1.736225786460315845e+01
1.182908000000000000e+07,1.521508523128158785e+01
1.183001600000000000e+07,-1.270376829228007054e+01
1.183095200000000000e+07,-4.130969473878277398e+01
1.183188400000000000e+07,-2.078617695701059631e+01
1.183282000000000000e+07,2.283342857220104216e-01
1.183375600000000000e+07,2.381627839346522180e+01
1.183469200000000000e+07,2.442737443213776416e+01
1.183562400000000000e+07,3.407874699290198706e+00
1.183656000000000000e+07,1.390304445416461299e+01
1.183749600000000000e+07,1.909940241134778205e+01
1.183843200000000000e+07,-8.407062696028228643e+00
1.183936400000000000e+07,-1.145493393963669781e+01
1.184030000000000000e+07,1.396252136242347319e+01
1.184123600000000000e+07,-1.090078916055558800e+01
1.184217200000000000e+07,-2.723005518658400703e+01
1.184310400000000000e+07,-4.322065746265626451e-01
1.184404000000000000e+07,1.685114512412417653e+01
1.184497600000000000e+07,2.000278428849384582e+01
1.184591200000000000e+07,-2.352537259884170595e+01
1.184684400000000000e+07,2.250796713256298531e+01
1.184778000000000000e+07,1.669798748803984623e+01
1.184872000000000000e+07,2.590446686642558838e+00
1.184965200000000000e+07,-1.908822471994753656e+01
1.185058400000000000e+07,1.809735131626129245e+01
1.185152000000000000e+07,2.269395940160787717e+01
1.185245600000000000e+07,2.899109277817087360e+01
1.185339200000000000e+07,3.193868530412168338e-01
1.185432400000000000e+07,1.735195550919397034e+00
1.185526000000000000e+07,-2.253976637341195399e+01
1.185619600000000000e+07,-2.378145936793813142e+00
1.185713200000000000e+07,-1.427772311635753688e+01
1.185806400000000000e+07,-4.483337354759514426e+01
1.185900000000000000e+07,-2.646842967233340005e+01
1.185993600000000000e+07,-2.039390782034351091e+01
1.186086800000000000e+07,1.392316129575437822e+00
1.186180400000000000e+07,1.778736163423080541e+01
1.186274000000000000e+07,1.828208461140596697e+01
1.186367600000000000e+07,1.972064074930896993e+01
1.186554400000000000e+07,4.513058191258674867e+01
1.186648000000000000e+07,2.434010648738620475e+01
1.186741600000000000e+07,1.359305477213412772e+01
1.186835200000000000e+07,-1.827785780280355432e+00
1.186928400000000000e+07,-2.306995214405393213e+01
1.187022800000000000e+07,-1.383617447707315407e+01
1.187115600000000000e+07,7.982994318512179888e+00
1.187209200000000000e+07,1.597933890603845519e+01
1.187302400000000000e+07,1.314136383356109405e+01
1.187396000000000000e+07,-1.137901216172109642e+01
1.187489600000000000e+07,-8.171680711660213703e+00
1.187583200000000000e+07,-1.577071256605153593e+01
1.187676400000000000e+07,4.560445131158964993e-01
1.187770000000000000e+07,-2.395688915154326182e+01
1.187863600000000000e+07,-1.363368223201861262e+01
1.187957200000000000e+07,8.075360966084517145e+00
1.188050400000000000e+07,9.296349175882285820e+00
1.188144000000000000e+07,2.250549659024846960e+01
1.188237600000000000e+07,1.963973048127840926e+01
1.188331200000000000e+07,4.355492482585697545e+00
1.188424400000000000e+07,-1.946684490445167448e+00
1.188518000000000000e+07,-3.238716572773270030e+01
1.188611600000000000e+07,-1.494993551872134008e+00
1.188705200000000000e+07,3.703940013517362217e+01
1.188798400000000000e+07,5.000938864347112656e+01
1.188892000000000000e+07,-5.827217047943710426e+00
1.188985600000000000e+07,-2.563082727381428327e+01
1.189079200000000000e+07,-3.379288723267514172e+01
1.189173200000000000e+07,-2.106957947009569310e+01
1.189266000000000000e+07,-2.970234829133967125e+01
1.189359600000000000e+07,-2.730597696449960665e+01
1.189453200000000000e+07,-1.407024238118803794e+01
1.189546400000000000e+07,9.855537551431263310e+00
1.189640000000000000e+07,-1.241526707637419236e+01
1.189733600000000000e+07,-1.058433402702708248e+00
1.189827200000000000e+07,-6.372431096150470431e+00
1.189920400000000000e+07,1.677133621180209744e+01
1.190014000000000000e+07,-8.407007589675318471e+00
1.190107600000000000e+07,-4.145662275051472001e+00
1.190201200000000000e+07,1.595785043991384811e+01
1.190294400000000000e+07,1.002261440850489649e+01
1.190388000000000000e+07,3.406597897103588224e+01
1.190481600000000000e+07,3.404070588234362305e+01
1.190575200000000000e+07,1.925381902133232614e+01
1.190668400000000000e+07,1.020099002692857226e+01
1.190762000000000000e+07,2.121872890182374505e+01
1.190855600000000000e+07,3.097880520504002888e+01
1.190949200000000000e+07,1.238982551224622597e+01
1.191042400000000000e+07,-1.082486738263998838e+01
1.191136000000000000e+07,5.285461528677150689e+00
1.191229600000000000e+07,7.589466207944878917e+00
1.191323600000000000e+07,-2.011686298397941286e+01
1.191416400000000000e+07,-4.092630892750412386e+01
1.191510000000000000e+07,-2.357470720781191886e+01
1.191603600000000000e+07,-4.697281405465147941e+00
1.191697200000000000e+07,-8.652531873331982482e+00
1.191790400000000000e+07,1.021743489658530812e+01
1.191884000000000000e+07,-3.623985214238563657e+01
1.191977600000000000e+07,-4.946797007507598209e+01
1.192071200000000000e+07,-1.493563581619985214e+01
1.192164400000000000e+07,8.109564785651123486e+00
1.192258000000000000e+07,3.212387163692219616e+01
1.192351600000000000e+07,3.811091281961588351e+01
1.192445200000000000e+07,3.120687563637450701e+00
1.192538400000000000e+07,-1.518746267022460295e+01
1.192632000000000000e+07,7.185953416280668193e+00
1.192725600000000000e+07,4.015058801596151028e+01
1.192819200000000000e+07,4.140819548128748551e+01
1.192912400000000000e+07,1.369424963874198298e+01
1.193006000000000000e+07,-4.086185366792610907e+00
1.193099600000000000e+07,9.241803213456671884e-01
1.193193200000000000e+07,-1.454972435625376725e+01
1.193286400000000000e+07,-2.040026549706451320e+01
1.193380000000000000e+07,-4.107694091492102473e+01
1.193474000000000000e+07,-4.441967105115636372e+01
1.193567200000000000e+07,-3.598676631446066665e+01
1.193660400000000000e+07,-1.171947614710344787e+01
1.193754000000000000e+07,-6.566095122169492093e+00
1.193847600000000000e+07,1.052742457861579339e+01
1.193941200000000000e+07,9.921317030058212083e+00
1.194034400000000000e+07,-1.615026634927662030e+01
1.194128000000000000e+07,-2.421122869043025982e+00
1.194221600000000000e+07,-6.443309277598200602e+00
1.194315200000000000e+07,-6.342114410990344453e+00
1.194408400000000000e+07,-8.409478131989837735e+00
1.194502000000000000e+07,-1.356411813082401352e+01
1.194595600000000000e+07,-1.684369694893866765e+01
1.194688800000000000e+07,-1.496852555551332564e+01
1.194782400000000000e+07,-2.810684989478468765e+01
1.194876000000000000e+07,9.611327348027726813e+00
1.194969600000000000e+07,1.217598710035572651e+01
1.195063200000000000e+07,-1.980555922169579830e+01
1.195156400000000000e+07,-1.393358472111336077e+01
1.195250000000000000e+07,-2.232214333895380776e+01
1.195343600000000000e+07,-1.407660005790903668e+01
1.195437200000000000e+07,-5.872664522507443863e+00
1.195530400000000000e+07,-4.897200596366340086e+00
1.195624400000000000e+07,-1.795455956125423214e+01
1.195717600000000000e+07,-3.734441218433311604e+01
1.195811200000000000e+07,-3.441407046428342653e+01
1.195904400000000000e+07,-7.583332113012500209e+00
1.195998000000000000e+07,-2.097085514580235355e+01
1.196091600000000000e+07,-1.952347078886383258e+01
1.196185200000000000e+07,-3.086254551262544510e+01
1.196278400000000000e+07,-1.745353401371098556e+01
1.196372000000000000e+07,-2.736166925019081830e+01
1.196465600000000000e+07,-4.117303707870809149e+01
1.196559200000000000e+07,-3.200635297060739504e+01
1.196652400000000000e+07,-2.057995519574131293e+01
1.196746000000000000e+07,-3.216954269327455052e+01
1.196839600000000000e+07,-3.916252210546120693e+01
1.196933200000000000e+07,-2.725658724917648357e+01
1.197026400000000000e+07,-1.268227982615546523e+01
1.197120000000000000e+07,-4.761801910191879372e+00
1.197213600000000000e+07,4.665482164616181926e+00
1.197307200000000000e+07,-4.260776362648633686e+00
1.197400400000000000e+07,4.431414260501297164e+00
1.197494000000000000e+07,-7.158173237031943970e+00
1.197587600000000000e+07,-4.849124961296345404e+00
1.197681200000000000e+07,3.205382454235658152e+00
1.197774800000000000e+07,-3.797684150886731835e+00
1.197868000000000000e+07,-1.377538348856116102e+01
1.197961600000000000e+07,-1.369737164986322586e+00
1.198055200000000000e+07,-2.932290715874920739e+00
1.198148400000000000e+07,-3.988775122752404201e+00
1.198242000000000000e+07,9.687249125943328210e+00
1.198335600000000000e+07,-9.538099694215270929e+00
1.198429200000000000e+07,-8.477885771123046865e+00
1.198522400000000000e+07,-2.861412534427191012e+00
1.198616000000000000e+07,2.864971137277420588e-01
1.198709600000000000e+07,4.883105199074329050e+00
1.198803200000000000e+07,-2.322453651102601491e+00
1.198896400000000000e+07,-8.923219032975083564e+00
1.198990000000000000e+07,-1.037696106663460682e+01
1.199083600000000000e+07,-6.510885829849295536e-01
1.199177200000000000e+07,4.067099041456841979e-01
1.199270400000000000e+07,7.028963752142771249e+00
1.199364000000000000e+07,-4.740313444067272286e+00
1.199457600000000000e+07,-6.314268268144739515e+00
1.199551200000000000e+07,-7.876821819033336780e+00
1.199644400000000000e+07,-7.408686010803567257e+00
1.199738000000000000e+07,2.954869680464035753e+00
1.199831600000000000e+07,1.026634161853741567e+00
1.199925200000000000e+07,6.887983369776515818e-01
1.200018400000000000e+07,5.133617972845952337e+00
1.200112000000000000e+07,-6.200413154447796060e+00
1.200205600000000000e+07,-1.030103928871900720e+01
1.200299200000000000e+07,-6.561321794527983364e-01
1.200392400000000000e+07,1.773128886700741091e+00
1.200486000000000000e+07,8.039675309277247717e-01
1.200579600000000000e+07,-8.868785721184089255e+00
1.200673200000000000e+07,-6.815293815687985202e+00
1.200766400000000000e+07,7.061853491456246523e+00
1.200860000000000000e+07,-1.206104148819427735e+01
1.200953600000000000e+07,-1.702374213131603309e-01
1.201046800000000000e+07,1.032991838574740973e+00
1.201140400000000000e+07,-2.093429343455584846e+00
1.201234000000000000e+07,-3.525682910990502794e+00
1.201327600000000000e+07,1.158248225460552394e+00
1.201421200000000000e+07,2.002153194347757292e+00
1.201514400000000000e+07,5.698996268128394549e-01
1.201608000000000000e+07,-6.423079785373812634e+00
1.201701600000000000e+07,-6.526847706135018079e+00
1.201795200000000000e+07,-1.134355180618307424e+00
1.201888400000000000e+07,-5.948586300423043483e+00
1.201982000000000000e+07,4.055645099843863122e+00
1.202075600000000000e+07,-5.224894121953779447e+00
1.202169200000000000e+07,4.414969390844559527e+00
1.202262400000000000e+07,6.468461296340664468e+00
1.202356000000000000e+07,7.655245686571827690e+00
1.202449600000000000e+07,6.811340717684623236e+00
1.202543200000000000e+07,-8.727084464641540862e+00
1.202636400000000000e+07,1.534017386117986437e+00
1.202730000000000000e+07,1.272103339157495405e+00
1.202823600000000000e+07,-6.803892542499116125e+00
1.202917200000000000e+07,-3.095480438542075774e+00
1.203010400000000000e+07,7.437622652113680566e+00
1.203104000000000000e+07,-9.336921529413858778e+00
1.203197600000000000e+07,-8.117247399869221169e+00
1.203291200000000000e+07,4.299800196894485893e+00
1.203384400000000000e+07,-8.476571690869917575e+00
1.203478000000000000e+07,7.437622652113680566e+00
1.203571600000000000e+07,-8.966195965224295961e+00
1.203665200000000000e+07,-3.400426524104691595e+00
1.203758400000000000e+07,7.295921395571132173e+00
1.203852000000000000e+07,1.621713632636807745e+01
1.203945600000000000e+07,6.587360006505477372e+00
1.204039200000000000e+07,5.319662910314955084e-01
1.204132400000000000e+07,4.077133565968469320e+00
1.204226000000000000e+07,-5.371638974964198177e+00
1.204319600000000000e+07,1.522616112929118248e+00
1.204413200000000000e+07,-5.976432443268647532e+00
1.204506400000000000e+07,5.128574376378082889e+00
1.204600000000000000e+07,1.283504612346363816e+00
1.204693600000000000e+07,-8.966195965224295961e+00
1.204787200000000000e+07,-5.605706879079083826e+00
1.204880400000000000e+07,-3.676860698998316579e-01
1.204974000000000000e+07,-9.053308729712911118e-01
1.205067600000000000e+07,-3.073991972417469576e+00
1.205161200000000000e+07,-8.002078205919149312e+00
1.205254400000000000e+07,8.531894892633151706e-02
1.205348000000000000e+07,7.187109878342058167e+00
1.205441600000000000e+07,-5.480450492193272183e+00
1.205535200000000000e+07,-5.224894121953779447e+00
1.205628400000000000e+07,7.884269994218844779e+00
1.205722000000000000e+07,-6.307910591423739888e+00
1.205815600000000000e+07,-6.199099074194665882e+00
1.205909200000000000e+07,-9.066449532244209575e-01
1.206002400000000000e+07,1.408760999232175237e+00
1.206096000000000000e+07,2.002153194347757292e+00
1.206189600000000000e+07,-8.623316543880335416e+00
1.206283200000000000e+07,8.390339138229959914e+00
1.206376400000000000e+07,-9.320476659757122917e+00
1.206470000000000000e+07,4.876747522353330311e+00
1.206563600000000000e+07,7.900714863875581528e+00
1.206657200000000000e+07,3.696320808843165828e+00
1.206750400000000000e+07,-7.876821819033336780e+00
1.206844000000000000e+07,2.023548300600269201e+01
1.206937600000000000e+07,-3.449761133074903618e+00
1.207031200000000000e+07,-4.157008441887429129e+00
1.207124400000000000e+07,3.658387473061821549e+00
1.207218000000000000e+07,7.764057203800902585e+00
1.207311600000000000e+07,4.284669407490878434e+00
1.207405200000000000e+07,4.284669407490878434e+00
1.207498400000000000e+07,2.715758179881281098e+00
1.207592000000000000e+07,-7.408686010803567257e+00
1.207685600000000000e+07,2.236221098462642498e+00
1.207779200000000000e+07,-8.127334592804960067e+00
1.207872400000000000e+07,1.103853731909477531e+01
1.207966000000000000e+07,8.265082751344147383e+00
1.208059600000000000e+07,-6.662191285956566844e+00
1.208153200000000000e+07,-2.932290715874920739e+00
1.208246400000000000e+07,-8.263992252879639011e+00
1.208340000000000000e+07,-7.299874493574492362e+00
1.208433600000000000e+07,6.936597104570434880e+00
1.208527200000000000e+07,9.616370944495598039e+00
1.208620400000000000e+07,9.354456897535106563e+00
1.208714000000000000e+07,2.148898047358175134e+00
1.208807600000000000e+07,-4.364544283409838243e+00
1.208901200000000000e+07,-1.052370591964502466e+01
1.208994400000000000e+07,2.961227357185035380e+00
1.209088000000000000e+07,1.079811173825889270e+01
1.209181600000000000e+07,-2.948735585531658376e+00
1.209275200000000000e+07,5.379087150149705288e+00
1.209368400000000000e+07,8.853431349991859989e+00
1.209462000000000000e+07,7.655245686571827690e+00
1.209555600000000000e+07,1.053619769129840122e+01
1.209649200000000000e+07,-7.626309045261714381e+00
1.209742400000000000e+07,7.307322668759999473e+00
1.209836000000000000e+07,-1.766343018484209537e+01
1.209929600000000000e+07,6.092692135683230426e+00
1.210023200000000000e+07,-9.200263869339181610e+00
1.210116400000000000e+07,6.697485603987679781e+00
1.210210000000000000e+07,-6.558423365195363175e+00
1.210303600000000000e+07,4.327646339740091719e+00
1.210397200000000000e+07,-1.035630856324971649e+00
1.210490400000000000e+07,-5.959987573611910783e+00
1.210584000000000000e+07,-3.062590699228601387e+00
1.210677600000000000e+07,8.151227637647204816e+00
1.210770800000000000e+07,-7.250539884604280338e+00
1.210864400000000000e+07,3.326909324906730969e+00
1.210958000000000000e+07,4.540225777730371171e+00
1.211051600000000000e+07,-1.281100033628725043e+00
1.211145200000000000e+07,-2.342628036974077954e+00
1.211238400000000000e+07,-6.314268268144739515e+00
1.211332000000000000e+07,-3.296658603343486593e+00
1.211425600000000000e+07,-4.321514682736513624e-01
1.211519200000000000e+07,8.025971250761392284e+00
1.211612400000000000e+07,2.122365984765699487e+00
1.211706000000000000e+07,7.056809894988377074e+00
1.211799600000000000e+07,-8.636680209752078952e-01
1.211893200000000000e+07,-2.250261389401741141e+00
1.211986400000000000e+07,7.192153474809926728e+00
1.212080000000000000e+07,5.977522941733157680e+00
1.212173600000000000e+07,9.604969671306728074e+00
1.212267200000000000e+07,1.081455660791563034e+01
1.212360400000000000e+07,-6.428123381841682082e+00
1.212454000000000000e+07,-4.995869814306764134e+00
1.212547600000000000e+07,-5.605706879079083826e+00
1.212641200000000000e+07,4.622505232366969530e+00
1.212734400000000000e+07,4.149325827669328781e+00
1.212828000000000000e+07,1.286169083669073565e+01
1.212921600000000000e+07,-4.522690409609124274e+00
1.213015200000000000e+07,-7.773053898272132223e+00
1.213108400000000000e+07,3.788687456415502641e+00
1.213202000000000000e+07,1.997109597879888065e+00
1.213295600000000000e+07,-5.730963265964895470e+00
1.213389200000000000e+07,-5.839774783193969476e+00
1.213482400000000000e+07,-5.948586300423043483e+00
1.213576000000000000e+07,9.092542850574615088e+00
1.213669600000000000e+07,-5.600663282611213489e+00
1.213763200000000000e+07,1.104862451203051599e+01
1.213856400000000000e+07,4.294756600426616444e+00
1.213950000000000000e+07,6.939225265076696125e+00
1.214043600000000000e+07,-5.714518396308157833e+00
1.214137200000000000e+07,5.754856310807140218e+00
1.214230400000000000e+07,1.175082822437517116e+01
1.214324000000000000e+07,3.027061942164895214e+00
1.214417600000000000e+07,5.759899907275008779e+00
1.214511200000000000e+07,5.357598684025099089e+00
1.214604400000000000e+07,3.788687456415502641e+00
1.214698000000000000e+07,-3.563616246771847074e+00
1.214791600000000000e+07,1.514420704983385768e+01
1.214885200000000000e+07,-8.742215254045149209e+00
1.214978400000000000e+07,-4.974381348182157048e+00
1.215072000000000000e+07,-2.947421505278528198e+00
1.215165600000000000e+07,1.018827467348657301e+01
1.215259200000000000e+07,-6.073842687308854238e+00
1.215352400000000000e+07,1.079811173825889270e+01
1.215446000000000000e+07,1.158248225460552394e+00
1.215539600000000000e+07,1.128269241614539986e+01
1.215633200000000000e+07,-8.503103753462394110e+00
1.215726400000000000e+07,-3.558572650303977625e+00
1.215820000000000000e+07,-4.990826217838894685e+00
1.215913600000000000e+07,9.561992739057515678e+00
1.216007200000000000e+07,-6.073842687308854238e+00
1.216100400000000000e+07,4.531452665047762451e+00
1.216194000000000000e+07,-4.761801910191879372e+00
1.216287600000000000e+07,3.307881262300851333e-01
1.216381200000000000e+07,1.188748588444985010e+01
1.216474400000000000e+07,-6.073842687308854238e+00
1.216568000000000000e+07,2.737246646005887740e+00
1.216661600000000000e+07,6.420440767623581735e+00
1.216755200000000000e+07,-5.725919669497025133e+00
1.216848400000000000e+07,-9.185133079935571487e+00
1.216942000000000000e+07,1.104862451203051599e+01
1.217035600000000000e+07,-2.332540844038339500e+00
1.217129200000000000e+07,1.042234257760145866e+01
1.217222400000000000e+07,-2.469198504113019332e+00
1.217316000000000000e+07,6.446972830216057382e+00
1.217409600000000000e+07,-2.698222811760035533e+00
1.217503200000000000e+07,6.174971590319829673e+00
1.217596400000000000e+07,-3.169822743235781726e-01
1.217690000000000000e+07,-5.965031170079781120e+00
1.217783600000000000e+07,-6.073842687308854238e+00
1.217877200000000000e+07,2.024189578907660092e+01
1.217970400000000000e+07,8.744619832762786871e+00
1.218064000000000000e+07,-8.252590979690770823e+00
1.218157600000000000e+07,-6.558423365195363175e+00
1.218250800000000000e+07,4.416283471097688818e+00
1.218344400000000000e+07,-3.181489409393413403e+00
1.218438000000000000e+07,1.022904645639002963e+00
1.218531600000000000e+07,5.014719262681140322e+00
1.218625200000000000e+07,-5.839774783193969476e+00
1.218718400000000000e+07,9.828950382485876602e+00
1.218812000000000000e+07,-7.163216833499812530e+00
1.218905600000000000e+07,-1.765680711515233314e+00
1.218999200000000000e+07,-3.542127780647240431e+00
1.219092400000000000e+07,8.484019866055424686e+00
1.219186000000000000e+07,-3.993743795947984898e-02
1.219279600000000000e+07,7.824790648031183515e-01
1.219373200000000000e+07,6.092692135683230426e+00
1.219466400000000000e+07,2.978983869166103582e-01
1.219560000000000000e+07,2.008510871068756476e+00
1.219653600000000000e+07,1.079811173825889270e+01
1.219747200000000000e+07,-1.968172956569773646e+00
1.219840400000000000e+07,-3.921626457519413744e+00
1.219934000000000000e+07,-6.449611847966288281e+00
1.220027600000000000e+07,-7.800744860854796903e-01
1.220121200000000000e+07,-7.037960446614000887e+00
1.220214400000000000e+07,8.733218559573918682e+00
1.220308000000000000e+07,2.956183760717165487e+00
1.220401600000000000e+07,-7.434552305572659225e-01
1.220495200000000000e+07,1.067789894784094962e+01
1.220588400000000000e+07,9.949163172903816132e+00
1.220682000000000000e+07,-4.865569830953083930e+00
1.220775600000000000e+07,1.104862451203051599e+01
1.220869200000000000e+07,-1.514180247111621824e+01
1.220962400000000000e+07,1.514420704983385768e+01
1.221056000000000000e+07,-5.480450492193272183e+00
1.221149600000000000e+07,7.198511151530925467e+00
1.221243200000000000e+07,-6.073842687308854238e+00
1.221336400000000000e+07,-1.717660182798150803e+00
1.221430000000000000e+07,9.545547869400778040e+00
1.221523600000000000e+07,-7.768010301804262774e+00
1.221617200000000000e+07,4.289713003958747883e+00
1.221710400000000000e+07,3.320551648185731786e+00
1.221804000000000000e+07,-5.388083844620935814e+00
1.221897600000000000e+07,-1.283275419538062323e+01
1.221991200000000000e+07,9.588524801649992213e+00
1.222084400000000000e+07,7.723918718673803419e-01
1.222178000000000000e+07,1.137001546724986589e+01
1.222271600000000000e+07,-5.469049219004403994e+00
1.222365200000000000e+07,-3.421914990229297793e+00
1.222458400000000000e+07,6.092692135683230426e+00
1.222552000000000000e+07,1.518886596714379200e+00
1.222645600000000000e+07,-4.761801910191879372e+00
1.222739200000000000e+07,5.014719262681140322e+00
1.222832400000000000e+07,-1.222291713060830176e+01
1.222926000000000000e+07,8.985045413598669484e+00
1.223019600000000000e+07,-2.932290715874920739e+00
1.223113200000000000e+07,9.703693995600064071e+00
1.223206400000000000e+07,6.822741990873491424e+00
1.223300000000000000e+07,7.938803379919865399e-01
1.223393600000000000e+07,6.092692135683230426e+00
1.223487200000000000e+07,5.128574376378082889e+00
1.223580400000000000e+07,-6.803892542499116125e+00
1.223674000000000000e+07,8.985045413598669484e+00
1.223767600000000000e+07,2.742290242473757189e+00
1.223861200000000000e+07,9.506245347013393854e+00
1.223954400000000000e+07,2.002153194347757292e+00
1.224048000000000000e+07,9.245645380306031669e+00
1.224141600000000000e+07,-7.408686010803567257e+00
1.224235200000000000e+07,7.905758460343450977e+00
1.224328400000000000e+07,4.764206488909517923e+00
1.224422000000000000e+07,-4.026708458533748036e+00
1.224515600000000000e+07,3.363528580434945070e+00
1.224609200000000000e+07,2.700627390477674084e+00
1.224702400000000000e+07,4.299800196894485893e+00
1.224796000000000000e+07,1.079811173825889270e+01
1.224889600000000000e+07,-1.406382959811412903e+01
1.224983200000000000e+07,1.440911359817572723e+01
1.225076400000000000e+07,-6.433166978309551531e+00
1.225170000000000000e+07,1.042234257760145866e+01
1.225263600000000000e+07,9.235558187370292771e+00
1.225357200000000000e+07,-5.469049219004403994e+00
1.225450400000000000e+07,3.930388712958051478e+00
1.225544000000000000e+07,1.128269241614539986e+01
1.225637600000000000e+07,-5.371638974964198177e+00
1.225731200000000000e+07,-4.620100653649330091e+00
1.225824400000000000e+07,4.289713003958747883e+00
1.225918000000000000e+07,1.331469585551690038e+01
1.226011600000000000e+07,2.951140164249296483e+00
1.226105200000000000e+07,6.729061263048025765e+00
1.226198400000000000e+07,-2.451439554203151516e+00
1.226292000000000000e+07,1.642828903347060443e+00
1.226385600000000000e+07,1.007946315625749811e+01
1.226479200000000000e+07,2.978983869166103582e-01
1.226572400000000000e+07,1.320588433828782549e+01
1.226666000000000000e+07,-5.605706879079083826e+00
1.226759600000000000e+07,5.275319229388501618e+00
1.226853200000000000e+07,1.707118359454393541e+01
1.226946400000000000e+07,9.496158154077654956e+00
1.227040000000000000e+07,4.154369424137198230e+00
1.227133600000000000e+07,2.841014566767092742e+00
1.227227200000000000e+07,2.727159453070150175e+00
1.227320400000000000e+07,8.151227637647204816e+00
1.227414000000000000e+07,4.284669407490878434e+00
1.227507600000000000e+07,6.822741990873491424e+00
1.227601200000000000e+07,-3.306745796279225047e+00
1.227694400000000000e+07,3.739297741092379113e+00
1.227788000000000000e+07,1.019331826995444068e+01
1.227881600000000000e+07,2.700627390477674084e+00
1.227974800000000000e+07,-1.079066356307338381e+01
1.228068400000000000e+07,1.514420704983385768e+01
1.228162000000000000e+07,-1.041988533045970833e+00
1.228255600000000000e+07,1.757998097297133633e+00
1.228349200000000000e+07,1.751640420576134671e+00
1.228442400000000000e+07,7.748926414397296014e+00
1.228536000000000000e+07,-3.759750815105388000e+00
1.228629600000000000e+07,8.156271234115074265e+00
1.228723200000000000e+07,1.187104101479311247e+01
1.228816400000000000e+07,1.659290548702551149e+01
1.228910000000000000e+07,-1.297445545192316985e+01
1.229003600000000000e+07,-7.773053898272132223e+00
1.229096800000000000e+07,-1.983303745973381105e+00
1.229190400000000000e+07,1.017182980382983537e+01
1.229284000000000000e+07,3.113015806663321783e+00
1.229377600000000000e+07,1.054759896448726941e+01
1.229471200000000000e+07,9.959250365839556807e+00
1.229564400000000000e+07,1.140794880303121062e+01
1.229658000000000000e+07,4.894506472263198127e+00
1.229751600000000000e+07,-5.012314683963501771e+00
1.229845200000000000e+07,1.736509631172526991e+00
1.229938400000000000e+07,1.164201670714609627e+01
1.230032000000000000e+07,1.850364744869470446e+00
1.230125600000000000e+07,9.234244107117163480e+00
1.230219200000000000e+07,4.029113037251386586e+00
1.230312400000000000e+07,2.460201809641789694e+00
1.230406000000000000e+07,-5.605706879079083826e+00
1.230499600000000000e+07,1.138646033690660531e+01
1.230593200000000000e+07,1.128269241614539986e+01
1.230686400000000000e+07,-1.864405035808569089e+00
1.230780000000000000e+07,1.066781175490521072e+01
1.230873600000000000e+07,9.969337558775293928e+00
1.230967200000000000e+07,1.187104101479311247e+01
1.231060400000000000e+07,1.104862451203051599e+01
1.231154000000000000e+07,5.858624231568344776e+00
1.231247600000000000e+07,-5.229937718421649784e+00
1.231341200000000000e+07,3.554619552300617435e+00
1.231434400000000000e+07,1.501127646804511828e+00
1.231528000000000000e+07,-6.307910591423739888e+00
1.231621600000000000e+07,2.216046712591166035e+00
1.231715200000000000e+07,7.426221378924812377e+00
1.231808400000000000e+07,-4.892101893545559577e+00
1.231902000000000000e+07,7.655245686571827690e+00
1.231995600000000000e+07,5.591666588139984739e+00
1.232089200000000000e+07,-5.295617123138569582e-01
1.232182400000000000e+07,5.319662910314955084e-01
1.232276000000000000e+07,-3.062590699228601387e+00
1.232369600000000000e+07,-4.870613427420952490e+00
1.232463200000000000e+07,-2.436308764799544502e+00
1.232556400000000000e+07,-3.415557313508299053e+00
1.232650000000000000e+07,1.045018872044706271e+01
1.232743600000000000e+07,6.092692135683230426e+00
1.232837200000000000e+07,-1.562133955253485773e+01
1.232930400000000000e+07,4.780651358566254672e+00
1.233024000000000000e+07,-7.272028350728886537e+00
1.233117600000000000e+07,3.064995277946239938e+00
1.233211200000000000e+07,-5.572817139765609440e+00
1.233304400000000000e+07,1.017182980382983537e+01
1.233398000000000000e+07,-5.714518396308157833e+00
1.233491600000000000e+07,7.437622652113680566e+00
1.233585200000000000e+07,-6.569824638384230475e+00
1.233678400000000000e+07,6.092692135683230426e+00
1.233772000000000000e+07,5.858624231568344776e+00
1.233865600000000000e+07,-1.527210245446989845e+01
1.233959200000000000e+07,-2.807034328989109540e+00
1.234052400000000000e+07,2.236221098462642498e+00
1.234146000000000000e+07,-3.306745796279225047e+00
1.234239600000000000e+07,-4.026708458533748036e+00
1.234333200000000000e+07,5.858624231568344776e+00
1.234426400000000000e+07,9.583481205182122764e+00
1.234520000000000000e+07,-3.563616246771847074e+00
1.234613600000000000e+07,1.175082822437517116e+01
1.234707200000000000e+07,8.859789026712858728e+00
1.234800400000000000e+07,4.388437328252083880e+00
1.234894000000000000e+07,-1.551066319095528723e-01
1.234987600000000000e+07,1.163192951421035737e+01
1.235081200000000000e+07,-5.126169797660445226e+00
1.235174400000000000e+07,9.077354516889296621e-01
1.235268000000000000e+07,5.319662910314955084e-01
1.235361600000000000e+07,5.014719262681140322e+00
1.235455200000000000e+07,-4.026708458533748036e+00
1.235548400000000000e+07,1.211015251537586757e+01
1.235642000000000000e+07,-1.999748615630118742e+00
1.235735600000000000e+07,-3.073991972417469576e+00
1.235829200000000000e+07,-6.205456750915665509e+00
1.235922400000000000e+07,1.634239271325388998e+01
1.236016000000000000e+07,-9.592477899653351514e+00
1.236109600000000000e+07,3.554619552300617435e+00
1.236203200000000000e+07,2.221090309059034595e+00
1.236296400000000000e+07,3.080126067349846952e+00
1.236390000000000000e+07,-4.733955767346273547e+00
1.236483600000000000e+07,-1.358335891797454398e+00
1.236576800000000000e+07,6.622662743851761569e-01
1.236670400000000000e+07,6.217948522569042069e+00
1.236764000000000000e+07,1.007946315625749811e+01
1.236857600000000000e+07,-1.882362740612786922e+01
1.236951200000000000e+07,1.188748588444985010e+01
1.237044400000000000e+07,2.361477485348453698e+00
1.237138000000000000e+07,9.127790481567988889e-01
1.237231600000000000e+07,2.575371003591862440e+00
1.237325200000000000e+07,1.736509631172526991e+00
1.237418400000000000e+07,4.388437328252083880e+00
1.237512000000000000e+07,2.460201809641789694e+00
1.237605600000000000e+07,3.412918295758068599e+00
1.237699200000000000e+07,6.326760039798116075e+00
1.237792400000000000e+07,-4.407521215659051528e+00
1.237886000000000000e+07,1.087534759642762161e+01
1.237979600000000000e+07,-6.449611847966288281e+00
1.238073200000000000e+07,7.295921395571132173e+00
1.238166400000000000e+07,-5.485494088661141632e+00
1.238260000000000000e+07,-5.622151748735821464e+00
1.238353600000000000e+07,4.502292441949026447e+00
1.238447200000000000e+07,9.115345396952351464e+00
1.238540400000000000e+07,1.476843788917642364e+01
1.238634000000000000e+07,5.370098874993647353e-01
1.238727600000000000e+07,-4.407521215659051528e+00
1.238821200000000000e+07,6.102779328618968435e+00
1.238914400000000000e+07,7.546434169342754572e+00
1.239008000000000000e+07,-5.638230761621729203e-02
1.239101600000000000e+07,1.439266872851898960e+01
1.239195200000000000e+07,-5.137571070849313415e+00
1.239288400000000000e+07,-3.329548342656961424e+00
1.239382000000000000e+07,-5.246382588078386533e+00
1.239475600000000000e+07,2.575371003591862440e+00
1.239569200000000000e+07,4.269538618087271864e+00
1.239662400000000000e+07,5.444921735129566898e+00
1.239756000000000000e+07,1.140794880303121062e+01
1.239849600000000000e+07,-1.778364297526003668e+01
1.239943200000000000e+07,1.345003943533844826e+01
1.240036400000000000e+07,4.388437328252083880e+00
1.240130000000000000e+07,9.245645380306031669e+00
1.240223600000000000e+07,1.392453292028922007e+01
1.240317200000000000e+07,-2.359072906630815147e+00
1.240410400000000000e+07,2.110964711576831299e+00
1.240504000000000000e+07,1.381572140306014518e+01
1.240597600000000000e+07,5.319662910314955084e-01
1.240691200000000000e+07,-5.605706879079083826e+00
1.240784400000000000e+07,-5.137571070849313415e+00
1.240878000000000000e+07,2.428808861155682308e+01
1.240971600000000000e+07,1.187739869151411298e+01
1.241065200000000000e+07,5.352555087557230529e+00
1.241158400000000000e+07,6.941640701038304329e+00
1.241252000000000000e+07,-5.839774783193969476e+00
1.241345600000000000e+07,8.260039154876277934e+00
1.241439200000000000e+07,-4.641589119773936289e+00
1.241532400000000000e+07,6.343204909454852825e+00
1.241626000000000000e+07,8.271440428065147898e+00
1.241719600000000000e+07,6.463417699872795019e+00
1.241813200000000000e+07,6.321716443330245738e+00
1.241906400000000000e+07,5.352555087557230529e+00
1.242000000000000000e+07,-6.210500347383533182e+00
1.242093600000000000e+07,1.296041516098406987e+01
1.242187200000000000e+07,5.128574376378082889e+00
1.242280400000000000e+07,-5.730963265964895470e+00
1.242374000000000000e+07,5.842179361911608027e+00
1.242467600000000000e+07,5.123530779910214328e+00
1.242561200000000000e+07,-4.641589119773936289e+00
1.242654400000000000e+07,-1.374780761454191813e+00
1.242748000000000000e+07,1.306418308174527709e+01
1.242841600000000000e+07,-2.380561372755421790e+00
1.242935200000000000e+07,-4.402477619191182967e+00
1.243028400000000000e+07,1.213799865822147339e+01
1.243122000000000000e+07,9.954206769371687358e+00
1.243215600000000000e+07,7.650202090103959129e+00
1.243309200000000000e+07,1.736509631172526991e+00
1.243402400000000000e+07,6.787111440419134611e-01
1.243496000000000000e+07,7.982994318512179888e+00
1.243589600000000000e+07,-4.761801910191879372e+00
1.243683200000000000e+07,2.841014566767092742e+00
1.243776400000000000e+07,4.039200230187125484e+00
1.243870000000000000e+07,1.488355197677358532e+01
1.243963600000000000e+07,-5.605706879079083826e+00
1.244057200000000000e+07,1.175082822437517116e+01
1.244150400000000000e+07,-6.335756734269344825e+00
1.244244000000000000e+07,1.125616035355292333e+01
1.244337600000000000e+07,5.698996268128394549e-01
1.244431200000000000e+07,1.272103339157495405e+00
1.244524400000000000e+07,-3.438359859886035430e+00
1.244618000000000000e+07,3.788687456415502641e+00
1.244711600000000000e+07,5.967435748797418782e+00
1.244805200000000000e+07,1.512776218017712004e+01
1.244898400000000000e+07,9.697336318879065331e+00
1.244992000000000000e+07,-2.355343390416076321e+00
1.245085600000000000e+07,1.210006532244012867e+01
1.245179200000000000e+07,-1.859361439340699862e+00
1.245272400000000000e+07,1.128269241614539986e+01
1.245366000000000000e+07,6.092692135683230426e+00
1.245553200000000000e+07,6.920152234913698130e+00
1.245646400000000000e+07,-2.970224051656264574e+00
1.245740000000000000e+07,5.090641040596739941e+00
1.245833600000000000e+07,-3.286571410407748139e+00
1.245927200000000000e+07,5.678989639244452547e+00
1.246020400000000000e+07,5.352555087557230529e+00
1.246114000000000000e+07,-5.605706879079083826e+00
1.246207600000000000e+07,8.243594285219540296e+00
1.246301200000000000e+07,1.103217964237377657e+01
1.246394400000000000e+07,1.201274227133566264e+01
1.246488000000000000e+07,8.031014847229261733e+00
1.246581600000000000e+07,-4.151964845419559680e+00
1.246675200000000000e+07,-4.151964845419559680e+00
1.246768400000000000e+07,-5.137571070849313415e+00
1.246862000000000000e+07,2.311139141426139432e+01
1.246955600000000000e+07,9.103944123763483276e+00
1.247049200000000000e+07,1.634239271325388998e+01
1.247142400000000000e+07,1.250614873032889207e+00
1.247236000000000000e+07,3.788687456415502641e+00
1.247329600000000000e+07,-3.449761133074903618e+00
1.247423200000000000e+07,-4.511289136420256085e+00
1.247516400000000000e+07,1.354876375963178603e+01
1.247610000000000000e+07,4.883105199074329050e+00
1.247703600000000000e+07,-5.371638974964198177e+00
1.247797200000000000e+07,1.310211641752662004e+01
1.247890400000000000e+07,-1.881858380966000510e+01
1.247984000000000000e+07,6.794895848027886487e+00
1.248077600000000000e+07,6.718974070112286867e+00
1.248171200000000000e+07,1.402830084105042374e+01
1.248264400000000000e+07,5.843493442164738205e+00
1.248358000000000000e+07,8.734532639827047973e+00
1.248451600000000000e+07,1.113594756313498202e+01
1.248545200000000000e+07,3.663431069529691442e+00
1.248638400000000000e+07,2.694269713756674900e+00
1.248732000000000000e+07,5.967435748797418782e+00
1.248825600000000000e+07,6.446972830216057382e+00
1.248919200000000000e+07,3.185208068364182132e+00
1.249012400000000000e+07,9.453181221828440783e+00
1.249106000000000000e+07,2.110964711576831299e+00
1.249199600000000000e+07,9.453181221828440783e+00
1.249293200000000000e+07,7.404732912800205291e+00
1.249386400000000000e+07,4.251779668177403160e+00
1.249480000000000000e+07,8.744619832762786871e+00
1.249573600000000000e+07,-9.053308729712911118e-01
1.249667200000000000e+07,-2.980311244592003028e+00
1.249760400000000000e+07,-1.515167937743610471e+00
1.249854000000000000e+07,-7.903353881625813315e+00
1.249947600000000000e+07,1.380432012987127521e+01
1.250041200000000000e+07,-4.761801910191879372e+00
1.250134400000000000e+07,-4.173453311544165878e+00
1.250228000000000000e+07,6.471354849815689203e-01
1.250321600000000000e+07,1.860451937805208456e+00
1.250415200000000000e+07,1.367906374298546446e+01
1.250508400000000000e+07,1.102077836918491016e+01
1.250602000000000000e+07,1.246443320990869452e+01
1.250695600000000000e+07,6.471354849815689203e-01
1.250789200000000000e+07,5.878688633385587003e-02
1.250882400000000000e+07,-1.526201526153416133e+01
1.250976000000000000e+07,1.584136716571064518e+01
1.251069600000000000e+07,2.961227357185035380e+00
1.251163200000000000e+07,4.513693715137894635e+00
1.251256400000000000e+07,8.744619832762786871e+00
1.251350000000000000e+07,-2.245217792933872136e+00
1.251443600000000000e+07,1.160912696783262277e+01
1.251537200000000000e+07,1.488865067959436672e+01
1.251630400000000000e+07,1.272634725686918600e+01
1.251724000000000000e+07,5.967435748797418782e+00
1.251817600000000000e+07,-5.605706879079083826e+00
1.251911200000000000e+07,-1.043638286854055863e+01
1.252098000000000000e+07,1.487220580993762731e+01
1.252191600000000000e+07,1.425096747197644120e+01
1.252285200000000000e+07,1.234553449974388428e+01
1.252378400000000000e+07,1.367906374298546446e+01
1.252472000000000000e+07,1.090692325548796582e+01
1.252565600000000000e+07,1.079811173825889270e+01
1.252659200000000000e+07,1.175082822437517116e+01
1.252752400000000000e+07,-5.371638974964198177e+00
1.252846000000000000e+07,2.159822757869591925e+01
1.252939600000000000e+07,1.066145407818421198e+01
1.253033200000000000e+07,-4.516332732888125534e+00
1.253126400000000000e+07,-3.187847086114412587e+00
1.253220000000000000e+07,-1.155843646742913844e+00
1.253313600000000000e+07,3.086483744070846580e+00
1.253407200000000000e+07,1.000102099261266364e+00
1.253500400000000000e+07,9.954206769371687358e+00
1.253594000000000000e+07,7.437622652113680566e+00
1.253687600000000000e+07,5.509387133503386380e+00
1.253781200000000000e+07,4.049287423122863494e+00
1.253874400000000000e+07,-1.270749780849481070e+01
1.253968000000000000e+07,1.235057809621175196e+01
1.254061600000000000e+07,5.471453797722041656e+00
1.254155200000000000e+07,1.248087807956543216e+01
1.254248400000000000e+07,-1.885893501933175509e+00
1.254342000000000000e+07,4.039200230187125484e+00
1.254435600000000000e+07,7.562879038999492209e+00
1.254529200000000000e+07,1.185963974160424428e+01
1.254622400000000000e+07,-4.516332732888125534e+00
1.254716000000000000e+07,1.330329458232803042e+01
1.254810000000000000e+07,-5.012314683963501771e+00
1.254903200000000000e+07,1.788850139448575050e+01
1.254996400000000000e+07,1.158248225460552394e+00
1.255090000000000000e+07,-4.173453311544165878e+00
1.255183600000000000e+07,7.437622652113680566e+00
1.255277200000000000e+07,5.014719262681140322e+00
1.255370400000000000e+07,-4.761801910191879372e+00
1.255464000000000000e+07,7.312366265227868922e+00
1.255557600000000000e+07,1.054759896448726941e+01
1.255651200000000000e+07,-4.048196924658354234e+00
1.255744400000000000e+07,-2.207284457152528301e+00
1.255838000000000000e+07,8.607962172688106151e+00
1.255931600000000000e+07,7.895671267407712968e+00
1.256025200000000000e+07,-3.568659843239716079e+00
1.256118400000000000e+07,1.343490864593484169e+01
1.256212000000000000e+07,-4.636545523306067729e+00
1.256305600000000000e+07,6.331803636265984636e+00
1.256399200000000000e+07,9.235558187370292771e+00
1.256492400000000000e+07,2.814535172598727764e-01
1.256586000000000000e+07,1.248087807956543216e+01
1.256679600000000000e+07,-3.922940537772543479e+00
1.256773200000000000e+07,1.175082822437517116e+01
1.256866400000000000e+07,5.503029456782387641e+00
1.256960800000000000e+07,-6.574868234852099924e+00
1.257053600000000000e+07,-4.641589119773936289e+00
1.257147200000000000e+07,9.354456897535106563e+00
1.257240400000000000e+07,-4.031752055001617485e+00
1.257334000000000000e+07,6.343204909454852825e+00
1.257427600000000000e+07,7.056809894988377074e+00
1.257521200000000000e+07,1.975621131755281645e+00
1.257614400000000000e+07,-4.026708458533748036e+00
1.257708000000000000e+07,1.151171672379241606e+01
1.257801600000000000e+07,6.681040734330943032e+00
1.257895200000000000e+07,-8.742215254045149209e+00
1.257988400000000000e+07,-4.321514682736513624e-01
1.258082000000000000e+07,8.869876219648597626e+00
1.258175600000000000e+07,5.825734492254870389e+00
1.258269200000000000e+07,-5.605706879079083826e+00
1.258362400000000000e+07,9.822592705764877863e+00
1.258456000000000000e+07,-2.713353601163642992e+00
1.258643200000000000e+07,1.259604727351550579e+01
1.258736400000000000e+07,9.235558187370292771e+00
1.258830000000000000e+07,1.394097778994595771e+01
1.258923600000000000e+07,6.192893421359630945e-01
1.259017200000000000e+07,-4.527734006076993722e+00
1.259111200000000000e+07,1.367906374298546446e+01
1.259204000000000000e+07,4.480803975824420249e+00
1.259297600000000000e+07,1.331469585551690038e+01
1.259391200000000000e+07,6.316672846862378066e+00
1.259484400000000000e+07,8.375208348826351568e+00
1.259578000000000000e+07,9.611327348027726813e+00
1.259671600000000000e+07,1.044393111763609383e+00
1.259765200000000000e+07,-7.965193557422172166e-01
1.259858400000000000e+07,-1.539735884135571098e+01
1.259952000000000000e+07,8.859789026712858728e+00
1.260045600000000000e+07,-5.137571070849313415e+00
1.260139200000000000e+07,8.859789026712858728e+00
1.260232400000000000e+07,-5.251426184546255982e+00
1.260326000000000000e+07,-5.605706879079083826e+00
1.260419600000000000e+07,-2.954938081989716969e-01
1.260513200000000000e+07,1.104862451203051599e+01
1.260606400000000000e+07,1.272634725686918600e+01
1.260700000000000000e+07,6.953041974227172517e+00
1.260793600000000000e+07,5.118487183442344879e+00
1.260887200000000000e+07,1.183946535573276826e+01
1.260980400000000000e+07,1.465458277547948107e+01
1.261074000000000000e+07,-3.169822743235781726e-01
1.261167600000000000e+07,2.710714583413412537e+00
1.261261600000000000e+07,3.457209308260411174e+00
1.261354400000000000e+07,1.398673806296437228e+00
1.261448000000000000e+07,3.674832342718559186e+00
1.261541600000000000e+07,1.392453292028922007e+01
1.261635200000000000e+07,6.724017666580155428e+00
1.261728400000000000e+07,-2.125005002515929942e+00
1.261822000000000000e+07,1.294901388779520346e+01
1.261915600000000000e+07,6.936597104570434880e+00
1.262009200000000000e+07,3.892455377176707199e+00
1.262102400000000000e+07,-2.588097214277831348e+00
1.262196000000000000e+07,5.319662910314955084e-01
1.262289600000000000e+07,-3.187847086114412587e+00
1.262382800000000000e+07,-4.516332732888125534e+00
1.262476400000000000e+07,-3.171402216457675394e+00
1.262570000000000000e+07,5.218790980957574988e-01
1.262663600000000000e+07,1.465458277547948107e+01
1.262757200000000000e+07,4.393480924719952441e+00
1.262850400000000000e+07,-1.563778442219159537e+01
1.262944000000000000e+07,1.913097807040812270e+01
1.263037600000000000e+07,7.427535459177942556e+00
1.263131200000000000e+07,-3.797684150886731835e+00
1.263224400000000000e+07,-1.249524374568380392e+00
1.263318000000000000e+07,6.049715203434018029e+00
1.263412000000000000e+07,7.051766298520508514e+00
1.263505200000000000e+07,2.100877518641093289e+00
1.263598400000000000e+07,1.464318150229061288e+01
1.263692000000000000e+07,7.824790648031183515e-01
1.263785600000000000e+07,-5.965031170079781120e+00
1.263879200000000000e+07,1.860451937805208456e+00
1.263972400000000000e+07,1.128269241614539986e+01
1.264066000000000000e+07,4.617461635899099193e+00
1.264159600000000000e+07,1.476339429270855597e+01
1.264253200000000000e+07,-1.749235841858495899e+00
1.264346400000000000e+07,9.954206769371687358e+00
1.264440000000000000e+07,2.100877518641093289e+00
1.264533600000000000e+07,3.566020825489485180e+00
1.264626800000000000e+07,2.590501792995469899e+00
1.264720400000000000e+07,1.427881361482204703e+01
1.264814000000000000e+07,7.030277832395901427e+00
1.264907600000000000e+07,-3.662340571065182182e+00
1.265001200000000000e+07,-4.282264828773239884e+00
1.265094400000000000e+07,1.488865067959436672e+01
1.265188000000000000e+07,4.856573136481854291e+00
1.265281600000000000e+07,1.115239243279171966e+01
1.265375200000000000e+07,4.393480924719952441e+00
1.265468400000000000e+07,7.781816153710769512e+00
1.265562800000000000e+07,1.343995224240271114e+01
1.265655600000000000e+07,1.321728561147669367e+01
1.265749200000000000e+07,4.024069440783517138e+00
1.265842400000000000e+07,1.079942581851202377e+01
1.265936000000000000e+07,-5.605706879079083826e+00
1.266029600000000000e+07,1.621713632636807745e+01
1.266123200000000000e+07,8.625721122597974855e+00
1.266216400000000000e+07,9.954206769371687358e+00
1.266310000000000000e+07,-2.217371650088266311e+00
1.266403600000000000e+07,1.208997812950438977e+01
1.266497200000000000e+07,2.341303099476977678e+00
1.266590400000000000e+07,5.957348555861680772e+00
1.266684000000000000e+07,4.388437328252083880e+00
1.266777600000000000e+07,-5.839774783193969476e+00
1.266871200000000000e+07,1.178371796368864466e+01
1.266964400000000000e+07,-5.856219652850707114e+00
1.267058000000000000e+07,3.185208068364182132e+00
1.267151600000000000e+07,-1.286143630096594270e+00
1.267245200000000000e+07,1.451288151893693268e+01
1.267338400000000000e+07,8.995132606534408382e+00
1.267432000000000000e+07,5.591666588139984739e+00
1.267525600000000000e+07,5.107085910253476690e+00
1.267619200000000000e+07,1.019967594667543942e+01
1.267713200000000000e+07,1.382228936639699590e+00
1.267806000000000000e+07,9.599926074838860401e+00
1.267899600000000000e+07,5.759899907275008779e+00
1.267993200000000000e+07,8.995132606534408382e+00
1.268086400000000000e+07,7.187109878342058167e+00
1.268180000000000000e+07,3.554619552300617435e+00
1.268273600000000000e+07,-4.407521215659051528e+00
1.268367200000000000e+07,-2.713353601163642992e+00
1.268460400000000000e+07,1.296041516098406987e+01
1.268554000000000000e+07,1.306418308174527709e+01
1.268647600000000000e+07,1.427881361482204703e+01
1.268741200000000000e+07,1.234553449974388428e+01
1.268834400000000000e+07,-3.807771343822470289e+00
1.268928000000000000e+07,1.402830084105042374e+01
1.269021600000000000e+07,-1.635380728161552888e+00
1.269115200000000000e+07,4.856573136481854291e+00
1.269208400000000000e+07,1.392453292028922007e+01
1.269302000000000000e+07,-1.874492228744307099e+00
1.269395600000000000e+07,2.814535172598727764e-01
1.269489200000000000e+07,6.092692135683230426e+00
1.269582400000000000e+07,1.451288151893693268e+01
1.269676000000000000e+07,-1.510124341275741466e+00
1.269769600000000000e+07,1.296041516098406987e+01
1.269863600000000000e+07,-4.173453311544165878e+00
1.269956400000000000e+07,1.671816187391132402e+01
1.270050000000000000e+07,3.412918295758068599e+00
1.270143600000000000e+07,-1.389911550857799050e+00
1.270237200000000000e+07,1.626384033690323250e+00
1.270330400000000000e+07,1.401689956786155555e+01
1.270424000000000000e+07,-1.389911550857799050e+00
1.270517600000000000e+07,3.788687456415502641e+00
1.270611200000000000e+07,1.510627371405251296e+01
1.270704400000000000e+07,-6.877078385131430993e-01
1.270798000000000000e+07,-1.281100033628725043e+00
1.270891600000000000e+07,4.884419279327460117e+00
1.270984800000000000e+07,1.735195550919397034e+00
1.271078400000000000e+07,9.573394012246382090e+00
1.271172000000000000e+07,1.173438335471843352e+01
1.271265600000000000e+07,1.112586037019924312e+01
1.271359200000000000e+07,3.185208068364182132e+00
1.271452400000000000e+07,2.084432648984355652e+00
1.271546000000000000e+07,1.045018872044706271e+01
1.271639600000000000e+07,1.463813790582274343e+01
1.271733200000000000e+07,2.226133905526904488e+00
1.271826400000000000e+07,1.476843788917642364e+01
1.271920000000000000e+07,2.575371003591862440e+00
1.272014000000000000e+07,1.330965225904903093e+01
1.272107200000000000e+07,2.809438907706748090e+00
1.272200400000000000e+07,4.142968150948330042e+00
1.272294000000000000e+07,1.115239243279171966e+01
1.272387600000000000e+07,-1.155843646742913844e+00
1.272481200000000000e+07,1.150667312732454661e+01
1.272574400000000000e+07,4.067099041456841979e-01
1.272668000000000000e+07,1.330965225904903093e+01
1.272761600000000000e+07,7.824790648031183515e-01
1.272855200000000000e+07,-9.462177916299671310e+00
1.272948400000000000e+07,-1.635380728161552888e+00
1.273042000000000000e+07,1.004657341694402461e+01
1.273135600000000000e+07,6.893565065968310535e+00
1.273228800000000000e+07,3.424319568946936343e+00
